model: {
 type: Sequential, 
layers: {
{
                         name: Dense,
                         incoming_inputs: 784,
                         units: 10,
                         weights: {
rows: 784,
cols: 10,
0.282464,
0.471557,
0.082720,
0.197806,
0.055101,
0.230613,
-0.103015,
-0.486114,
-0.269585,
-0.367641,
-0.488250,
-0.101306,
-0.179800,
-0.164449,
-0.130573,
-0.230277,
-0.162038,
-0.498871,
-0.117969,
0.205771,
-0.397549,
-0.492615,
0.411405,
-0.368374,
0.308527,
0.362056,
0.157369,
-0.221824,
-0.228141,
0.093097,
0.110767,
-0.050920,
-0.246147,
-0.100696,
-0.273431,
0.125416,
-0.227226,
0.341670,
0.474609,
-0.060656,
0.307398,
0.357295,
-0.077105,
0.048479,
-0.200339,
-0.123371,
0.010971,
-0.058611,
0.362362,
0.325709,
-0.331477,
-0.293542,
-0.402097,
-0.206046,
0.436155,
-0.205252,
0.435179,
0.149800,
0.244255,
0.307978,
0.389615,
-0.115589,
0.006485,
-0.156453,
0.153768,
-0.034562,
0.183828,
0.427305,
-0.075793,
0.481506,
-0.024400,
-0.434721,
0.370754,
0.359279,
0.293725,
-0.053880,
-0.345424,
-0.066118,
0.176321,
-0.175191,
0.401761,
-0.346034,
-0.202658,
-0.380337,
0.037492,
-0.296838,
-0.272332,
-0.246818,
0.388699,
-0.181722,
-0.395138,
0.268364,
-0.040422,
0.086535,
-0.132954,
0.251671,
-0.211966,
0.002213,
-0.292352,
-0.406034,
0.288018,
-0.435575,
-0.092914,
0.120472,
-0.015763,
-0.302759,
-0.302332,
-0.378811,
-0.453642,
-0.226890,
0.317866,
-0.187155,
0.027696,
-0.478607,
0.412259,
-0.236015,
-0.284600,
0.102466,
-0.066301,
-0.186117,
0.498413,
-0.370540,
-0.296625,
-0.482940,
0.158803,
-0.081530,
0.285485,
-0.355617,
0.493896,
-0.251823,
0.332453,
-0.227866,
-0.326106,
0.411039,
0.057421,
0.489959,
-0.257195,
-0.163778,
-0.010422,
-0.240532,
-0.332392,
0.066546,
-0.330775,
0.454588,
-0.156972,
0.369625,
0.438353,
-0.385739,
0.457121,
-0.234458,
-0.016800,
0.439940,
-0.375118,
0.251610,
-0.214835,
-0.432035,
-0.304437,
-0.494568,
0.136036,
-0.351070,
-0.360317,
0.348109,
-0.126087,
-0.235221,
-0.076952,
-0.251946,
0.496124,
-0.285089,
-0.227287,
-0.352412,
-0.194632,
-0.296960,
0.242271,
0.392453,
-0.254662,
0.455321,
-0.018296,
0.046495,
-0.418119,
0.301599,
0.119251,
0.372341,
0.086322,
0.250725,
0.160054,
-0.240898,
-0.123218,
-0.408750,
0.309320,
-0.121052,
-0.425748,
0.048753,
0.125111,
0.352992,
-0.071062,
0.031144,
-0.092303,
0.208640,
-0.425962,
-0.007065,
-0.268578,
0.408933,
-0.437712,
0.450163,
-0.474670,
0.235496,
0.342372,
-0.323389,
0.109088,
-0.193808,
0.330470,
-0.386654,
-0.410215,
-0.491028,
-0.265435,
0.021897,
0.026963,
-0.367306,
-0.213858,
0.413327,
-0.229148,
-0.023270,
0.036882,
-0.216483,
0.381069,
-0.279870,
-0.124256,
-0.313349,
-0.468596,
0.332026,
-0.076739,
-0.322260,
-0.192373,
-0.195944,
0.458892,
-0.344661,
-0.196707,
-0.013474,
-0.462401,
0.136341,
0.421659,
0.309168,
-0.047136,
-0.006882,
-0.212088,
-0.332026,
-0.299402,
-0.314661,
-0.320032,
-0.240623,
0.102344,
-0.483154,
-0.117847,
-0.357204,
0.241935,
-0.050829,
0.369686,
-0.186941,
-0.126270,
-0.496887,
-0.270959,
-0.436247,
0.457152,
0.279382,
-0.278710,
-0.076952,
0.474792,
-0.370571,
0.393765,
-0.057329,
-0.310236,
0.008499,
-0.352840,
-0.378018,
0.499115,
-0.459258,
-0.335932,
0.247978,
0.038438,
0.329218,
0.104633,
0.432340,
0.195700,
0.040757,
0.476470,
-0.372616,
0.188711,
-0.202048,
-0.415616,
0.401547,
-0.136464,
-0.091540,
0.466674,
0.255730,
0.370235,
0.464049,
-0.276330,
0.262322,
0.371029,
0.339473,
-0.354457,
0.307337,
0.438780,
-0.376553,
0.044725,
0.217643,
-0.199515,
0.012345,
0.199942,
-0.446135,
0.083239,
0.197836,
-0.182150,
0.351009,
0.217887,
-0.219810,
0.418302,
-0.413022,
0.157674,
-0.261742,
0.049852,
-0.338404,
-0.432859,
-0.013077,
-0.258476,
-0.334101,
0.138325,
0.054277,
-0.402768,
-0.275658,
-0.310175,
0.408689,
-0.061144,
0.190085,
-0.294336,
0.467803,
0.404599,
-0.024827,
0.469604,
-0.179708,
0.408475,
-0.203085,
0.451476,
-0.308130,
-0.132313,
-0.378872,
0.101733,
0.186605,
-0.396603,
0.084368,
-0.289361,
0.334803,
0.321986,
0.175497,
0.487732,
0.479003,
-0.417753,
-0.041368,
-0.481445,
0.028855,
-0.344325,
-0.381954,
-0.245262,
0.116688,
-0.314997,
-0.393216,
-0.307062,
0.184317,
0.048265,
0.180074,
-0.099780,
0.033158,
0.333857,
0.094470,
0.040788,
0.368252,
-0.166524,
-0.245323,
-0.438658,
0.367641,
-0.041215,
-0.411527,
-0.309412,
0.308557,
0.487915,
-0.068194,
-0.090350,
-0.218619,
0.048631,
0.204489,
-0.450743,
-0.477233,
-0.256005,
-0.341517,
-0.329585,
0.399228,
0.326685,
0.479644,
-0.115802,
-0.427946,
-0.171438,
-0.476043,
0.267388,
0.375820,
0.051500,
0.470306,
0.030229,
-0.059954,
-0.174154,
-0.330164,
0.092120,
0.087207,
0.442717,
0.474609,
0.221854,
-0.463317,
0.166066,
0.325251,
-0.101367,
-0.052904,
0.231742,
0.380215,
-0.450011,
-0.172689,
0.238395,
-0.033006,
0.322932,
-0.151662,
0.337733,
-0.363094,
0.044298,
-0.413572,
0.129505,
0.104724,
-0.472594,
0.229362,
-0.331874,
-0.145772,
-0.120045,
0.276696,
0.486663,
-0.308924,
-0.029374,
-0.234550,
0.044633,
0.024216,
-0.290124,
0.052660,
-0.493896,
0.156880,
0.301599,
-0.314692,
0.253899,
0.368954,
0.121601,
0.389950,
0.046342,
0.071184,
0.379421,
-0.287652,
0.223258,
-0.186727,
0.219443,
0.338954,
-0.133625,
0.426542,
0.417844,
-0.368862,
0.321680,
0.082537,
0.331446,
0.403775,
-0.011063,
-0.450865,
0.254753,
0.478851,
-0.214652,
0.425077,
-0.158559,
0.046159,
0.188955,
-0.366054,
-0.253319,
0.361568,
0.268639,
-0.040086,
0.146138,
-0.185537,
-0.393429,
-0.095141,
0.288446,
-0.104236,
-0.480346,
-0.350398,
-0.263024,
0.097430,
0.485717,
0.399808,
0.457488,
0.274773,
0.181326,
-0.102405,
0.407376,
-0.496826,
0.037095,
0.380978,
-0.216422,
-0.039995,
-0.283166,
-0.228874,
-0.415403,
-0.136860,
0.426756,
0.370052,
-0.356655,
-0.002457,
0.460784,
-0.151265,
-0.213065,
-0.139149,
-0.110950,
-0.191885,
0.279687,
-0.040574,
-0.205435,
-0.307031,
0.205588,
0.285974,
-0.034715,
0.341121,
-0.053636,
-0.489898,
0.447508,
-0.051866,
0.411740,
-0.086901,
-0.133320,
-0.270226,
0.177511,
-0.402127,
-0.077624,
0.062670,
0.188620,
0.005814,
-0.037126,
0.384854,
0.182272,
0.271264,
0.046403,
-0.362819,
0.488617,
0.445402,
0.395016,
-0.472716,
0.364193,
0.120319,
-0.353145,
0.396847,
-0.484893,
0.484893,
-0.185842,
-0.026566,
-0.034227,
0.343257,
0.351924,
-0.210990,
-0.070330,
0.127888,
0.244591,
-0.455016,
-0.161855,
0.437651,
-0.483551,
0.206198,
0.183981,
0.132588,
0.072039,
0.104450,
0.335383,
-0.483123,
0.272851,
-0.166677,
-0.023026,
-0.359432,
0.156880,
0.215018,
0.334162,
0.251762,
-0.293359,
0.120716,
-0.163259,
0.430723,
0.072588,
0.425901,
0.378323,
0.436552,
0.157491,
-0.118519,
-0.172323,
-0.201834,
0.468902,
0.182394,
-0.051683,
0.180654,
-0.355190,
0.014420,
0.382473,
0.058214,
-0.439909,
0.361141,
-0.144215,
-0.275018,
0.418638,
-0.148518,
0.259087,
-0.324854,
-0.261589,
0.430113,
-0.236930,
-0.116718,
-0.364681,
0.130543,
-0.377163,
0.016312,
0.312098,
0.233909,
-0.172262,
0.108600,
0.158437,
-0.407041,
0.253471,
-0.269189,
0.368923,
0.403928,
0.472198,
0.184622,
0.484497,
0.206381,
-0.122913,
-0.246422,
-0.235740,
0.393368,
0.278008,
-0.457793,
-0.206412,
0.012192,
-0.376736,
-0.065813,
0.234581,
0.137593,
0.005692,
0.200705,
0.125507,
-0.401608,
-0.392941,
0.290765,
-0.364498,
0.339106,
-0.260887,
0.334254,
-0.319819,
0.197104,
-0.364009,
-0.110981,
0.305292,
0.377743,
0.155049,
0.463500,
0.243675,
0.407285,
0.042131,
0.345943,
-0.447111,
-0.154042,
-0.082385,
0.271599,
-0.261223,
-0.457732,
-0.360836,
-0.041124,
0.271599,
-0.291131,
0.197989,
0.046007,
-0.098926,
-0.397336,
-0.195700,
0.459380,
-0.323206,
0.089373,
0.318751,
-0.255364,
0.079424,
-0.126148,
-0.314570,
0.392117,
0.169820,
-0.321650,
-0.476440,
-0.312677,
0.161916,
0.148610,
-0.466887,
0.118702,
0.325709,
-0.230033,
-0.128376,
-0.127674,
-0.373470,
-0.425260,
0.157552,
0.446776,
0.006912,
-0.078478,
0.257195,
-0.082476,
-0.282830,
0.128010,
-0.489319,
-0.116291,
-0.398679,
0.238884,
-0.445860,
-0.372921,
-0.255913,
-0.290582,
0.393307,
-0.484283,
0.385617,
0.286523,
-0.114429,
0.182669,
-0.490081,
-0.131886,
0.286798,
-0.488464,
0.013565,
-0.377407,
0.018143,
-0.040086,
-0.139576,
0.148976,
0.310541,
0.251610,
0.129292,
-0.040635,
-0.118213,
-0.030168,
0.360164,
0.065233,
0.303674,
0.081622,
0.105579,
-0.051958,
0.214164,
-0.074786,
0.093371,
-0.303827,
0.032212,
-0.308252,
-0.092944,
-0.410916,
0.330226,
-0.067888,
-0.410245,
-0.090167,
-0.478851,
0.120502,
0.078631,
0.267449,
0.016648,
-0.193960,
-0.124775,
0.210501,
-0.488617,
0.383389,
-0.141316,
0.412534,
-0.448485,
0.013657,
-0.352351,
0.211509,
0.041795,
-0.272881,
0.417325,
-0.216514,
-0.151173,
0.238884,
-0.422300,
-0.267144,
0.156209,
-0.491638,
0.219718,
0.379391,
-0.272210,
-0.425443,
-0.265374,
-0.476043,
-0.264458,
-0.302332,
-0.485687,
-0.025742,
0.307794,
0.338740,
0.137043,
-0.388943,
0.454802,
0.008408,
-0.053697,
0.277306,
-0.472594,
-0.483978,
0.428556,
0.270135,
-0.134999,
-0.349422,
0.295618,
-0.281854,
-0.210593,
-0.175832,
-0.321192,
-0.375607,
-0.399564,
-0.290094,
0.340419,
-0.143208,
-0.270012,
0.405240,
0.309107,
-0.132984,
-0.289605,
0.151570,
-0.154714,
0.419034,
0.113453,
0.142201,
0.143147,
0.108814,
0.116504,
0.449156,
-0.325373,
-0.043687,
-0.148366,
-0.399686,
-0.417051,
-0.149220,
0.194479,
-0.161428,
0.030747,
0.131123,
0.148488,
-0.406583,
-0.090442,
0.081927,
0.481384,
0.197043,
-0.182730,
-0.372921,
-0.230369,
0.375515,
-0.291192,
0.001755,
-0.492462,
-0.453154,
0.127461,
-0.315943,
0.436888,
0.456938,
0.422147,
0.368007,
-0.246391,
0.184378,
-0.142628,
0.258354,
0.347713,
0.046007,
0.022263,
0.469359,
-0.267449,
0.433927,
0.444243,
-0.192160,
-0.180135,
0.115314,
-0.185781,
-0.277093,
0.196738,
0.026627,
-0.270348,
-0.297815,
0.060839,
0.093066,
0.360866,
-0.102863,
0.469970,
0.104511,
-0.052019,
0.257897,
0.062456,
0.179647,
-0.466216,
-0.040788,
-0.095569,
-0.150899,
-0.160482,
0.398556,
-0.379635,
0.288903,
-0.310907,
-0.452147,
0.462889,
-0.264367,
-0.111133,
-0.060015,
0.478576,
-0.385403,
-0.031816,
0.071032,
0.425474,
0.411832,
-0.311884,
-0.499695,
-0.401059,
-0.178182,
-0.276543,
0.428434,
0.221946,
0.201682,
0.425260,
0.035295,
-0.444151,
-0.136677,
0.069231,
0.359249,
0.388607,
0.234611,
0.497284,
-0.001755,
0.055589,
0.421049,
-0.442656,
0.414792,
-0.349635,
0.199149,
0.248680,
0.125385,
-0.419095,
-0.027543,
-0.021836,
-0.443785,
0.127766,
-0.278008,
-0.165487,
-0.154042,
0.160604,
0.481933,
0.286126,
0.377132,
-0.331019,
0.371883,
0.208914,
0.317286,
0.264031,
-0.282830,
-0.349300,
-0.048875,
0.306909,
0.288354,
0.238121,
0.084979,
-0.179373,
0.190725,
-0.367885,
0.304682,
-0.158834,
0.435942,
-0.061052,
0.368252,
0.364437,
-0.273797,
0.482086,
-0.485351,
-0.454924,
0.482788,
-0.158010,
-0.030229,
0.303644,
-0.350215,
-0.430418,
0.430967,
-0.002121,
0.304743,
0.479919,
-0.188894,
0.315119,
-0.393307,
-0.068163,
0.024186,
0.041429,
0.114154,
0.000778,
0.092639,
-0.136067,
0.002487,
-0.050188,
0.358455,
-0.137379,
0.213858,
-0.093799,
0.078967,
-0.152058,
0.069445,
0.149129,
0.188772,
0.200156,
0.376064,
-0.085192,
-0.491241,
0.367183,
-0.441893,
0.125904,
0.183920,
-0.323420,
-0.153767,
-0.049608,
-0.369686,
-0.381436,
0.053636,
-0.402585,
-0.226005,
0.255547,
-0.028031,
0.255211,
-0.138691,
-0.084704,
-0.082904,
-0.421995,
-0.376827,
-0.176565,
0.456999,
-0.371761,
0.074145,
-0.168538,
-0.147969,
-0.320276,
-0.272790,
-0.103107,
0.239982,
-0.211356,
-0.493835,
0.471618,
0.095813,
-0.461760,
0.136250,
0.454466,
-0.001450,
-0.136250,
0.294733,
-0.134968,
0.235954,
0.363521,
0.302362,
-0.106250,
0.278100,
0.002609,
-0.362728,
0.485687,
-0.348384,
-0.384396,
0.052263,
0.113483,
0.245659,
0.114124,
-0.423276,
-0.103656,
-0.419889,
-0.194388,
0.184988,
-0.279443,
0.068926,
-0.269707,
0.411435,
-0.481536,
-0.191977,
0.421171,
-0.305536,
0.361965,
-0.079821,
-0.005325,
-0.269707,
-0.473571,
-0.012131,
-0.022568,
-0.382687,
0.181936,
-0.395016,
-0.224479,
0.073199,
-0.132710,
-0.420621,
0.192801,
-0.494690,
0.403897,
-0.183615,
-0.095935,
0.215873,
0.405118,
0.416013,
0.289727,
-0.476806,
0.037553,
0.013535,
-0.462157,
0.080218,
0.190695,
-0.103839,
0.420408,
0.171316,
-0.289148,
-0.074236,
-0.350978,
0.269341,
-0.144032,
-0.200156,
0.217734,
-0.366848,
-0.372860,
-0.318506,
-0.362423,
0.227866,
0.133625,
-0.270165,
0.470885,
-0.251823,
-0.352962,
-0.437956,
0.069628,
0.026963,
-0.498474,
0.178274,
-0.073809,
-0.390683,
0.495605,
0.380673,
-0.459319,
-0.225486,
-0.047624,
0.217917,
0.212973,
-0.214225,
0.094195,
0.486297,
-0.335994,
-0.349635,
-0.111927,
-0.181356,
-0.105762,
0.170492,
0.017777,
0.392575,
0.183859,
-0.433622,
0.139454,
-0.211142,
-0.357540,
0.453063,
0.076647,
0.031724,
0.213645,
0.451659,
0.110706,
0.341853,
-0.459532,
0.217063,
0.023667,
-0.366512,
-0.400601,
0.162587,
0.048845,
0.287194,
-0.492920,
-0.336909,
0.386258,
0.228935,
0.408048,
0.018174,
0.438383,
-0.152760,
-0.151997,
-0.043901,
0.423338,
-0.220511,
-0.459532,
-0.039903,
-0.479278,
0.098468,
-0.068499,
0.198202,
0.207511,
-0.069292,
0.470061,
0.337825,
-0.061113,
0.037797,
-0.010697,
0.026292,
-0.168081,
0.391385,
0.105823,
0.318842,
-0.493255,
0.274163,
0.042314,
-0.165242,
-0.257530,
-0.062853,
-0.219291,
-0.076250,
0.103839,
0.344874,
-0.048631,
-0.377010,
0.194693,
0.039750,
0.364956,
-0.313440,
-0.305292,
-0.343104,
-0.406919,
0.468322,
-0.164205,
0.120594,
-0.495788,
-0.060381,
0.473663,
0.053453,
0.160604,
-0.376766,
0.411893,
0.429960,
-0.016953,
-0.276025,
0.133931,
0.005234,
-0.410672,
0.238517,
-0.400327,
-0.449370,
0.213004,
0.324427,
0.262596,
0.427000,
0.107898,
-0.289453,
-0.036119,
-0.472930,
-0.154012,
0.429655,
-0.140095,
0.118763,
-0.086413,
-0.345790,
0.038926,
-0.380825,
-0.487365,
-0.082507,
-0.016221,
-0.167562,
-0.026475,
-0.499725,
-0.463836,
-0.318903,
-0.314600,
0.265038,
-0.480499,
-0.036912,
-0.049791,
-0.281640,
-0.324091,
0.165334,
-0.333003,
-0.416349,
0.074114,
-0.134693,
0.252373,
-0.335688,
-0.355708,
-0.248436,
-0.296411,
0.279443,
-0.004013,
-0.205191,
0.210654,
0.053056,
0.175558,
-0.399472,
0.223106,
0.338069,
-0.480682,
0.474639,
0.378567,
0.056169,
0.258843,
0.232963,
0.198538,
0.235160,
0.033860,
0.286615,
-0.041826,
0.024552,
-0.029618,
0.033464,
-0.363857,
0.471282,
0.479064,
0.087878,
0.350856,
-0.163961,
0.430479,
0.379452,
0.188955,
-0.267754,
-0.136036,
-0.347896,
-0.166890,
-0.131794,
-0.114490,
0.395016,
-0.105365,
-0.325770,
-0.088366,
-0.263939,
0.357387,
-0.404233,
-0.084979,
0.329920,
0.039232,
0.333827,
-0.171468,
-0.229026,
0.477722,
-0.186453,
-0.236381,
-0.436583,
0.145161,
0.163289,
0.199332,
0.178854,
0.400693,
0.483856,
-0.201743,
0.233177,
0.084521,
-0.309290,
0.006088,
0.313929,
0.161153,
0.209281,
0.090014,
0.489166,
0.317560,
-0.194876,
-0.226829,
0.029191,
-0.077105,
0.330348,
0.121174,
0.372646,
0.255638,
-0.333277,
-0.163533,
-0.132374,
0.404599,
-0.351863,
-0.382565,
0.319971,
-0.250145,
0.241966,
-0.261895,
-0.121265,
0.430448,
-0.228019,
-0.495270,
0.291559,
-0.295923,
0.463622,
-0.254143,
0.059832,
-0.393918,
0.092120,
-0.008621,
-0.474212,
-0.186666,
0.016190,
0.497803,
0.422544,
0.119312,
0.377255,
-0.224967,
-0.082049,
0.427091,
-0.254112,
-0.228263,
-0.315790,
-0.334223,
-0.002701,
0.374844,
0.023972,
-0.462584,
-0.304193,
0.379818,
-0.415769,
0.499908,
-0.228935,
-0.411771,
-0.310419,
-0.107471,
-0.233940,
0.187979,
-0.174429,
-0.389401,
0.438902,
0.073321,
0.304010,
0.234825,
-0.000931,
0.260552,
-0.359035,
0.022080,
-0.239830,
0.055559,
-0.321009,
-0.335871,
0.489502,
0.129719,
-0.015366,
0.219565,
0.236259,
0.160024,
-0.447295,
0.126301,
-0.080370,
0.190146,
0.348415,
-0.299860,
0.457884,
0.368343,
-0.281487,
0.026170,
-0.280572,
0.218467,
0.203238,
-0.351436,
0.077929,
0.100696,
-0.220878,
-0.034013,
-0.148396,
0.017685,
0.065630,
-0.262108,
0.409116,
0.422941,
-0.474792,
-0.391324,
0.222007,
0.187002,
0.189108,
0.055467,
-0.353481,
0.378597,
-0.060411,
-0.333888,
-0.285546,
0.016037,
-0.119617,
0.153523,
-0.284570,
0.445860,
-0.174093,
0.012406,
-0.148762,
-0.495514,
0.441099,
0.225089,
-0.256157,
0.119617,
0.062700,
-0.077837,
0.078021,
-0.493194,
-0.266167,
0.404691,
0.160146,
-0.381405,
0.482208,
0.433805,
-0.325892,
0.001450,
0.373989,
0.194205,
0.415860,
-0.282739,
0.374325,
-0.162221,
0.287561,
0.485626,
-0.454314,
0.013535,
0.333125,
-0.297143,
-0.384548,
0.289972,
0.095386,
0.494659,
0.443663,
-0.123493,
0.077532,
0.457549,
0.422575,
-0.450163,
-0.411313,
0.246727,
0.339229,
0.191641,
-0.244224,
-0.334712,
-0.268151,
-0.156178,
-0.017197,
0.412198,
0.271966,
-0.312250,
-0.361812,
0.144093,
0.202841,
-0.146565,
0.252464,
0.008316,
0.366085,
0.465026,
0.006394,
0.302728,
-0.152791,
-0.171163,
-0.208090,
0.418607,
-0.228233,
0.170553,
-0.373898,
-0.276940,
0.282800,
-0.173147,
-0.299768,
-0.462615,
0.231590,
0.299188,
-0.155293,
-0.133045,
-0.387722,
0.074358,
-0.308740,
0.039598,
0.271966,
-0.380581,
0.313837,
-0.091693,
-0.072649,
0.456572,
-0.371120,
-0.225181,
0.019486,
-0.275933,
0.337153,
-0.310022,
0.437437,
0.130268,
-0.312799,
0.287317,
-0.357570,
-0.294031,
-0.157033,
-0.193899,
0.223716,
0.262230,
0.135609,
0.460234,
0.417081,
-0.040971,
-0.018174,
-0.191183,
-0.382107,
-0.107746,
-0.250999,
0.285241,
0.419156,
0.103717,
0.349269,
-0.459594,
0.206290,
-0.078265,
-0.157033,
-0.242943,
-0.159841,
0.037950,
-0.166585,
-0.409513,
0.458617,
0.226676,
-0.066179,
-0.106922,
-0.071032,
0.113025,
0.087664,
-0.122211,
-0.018143,
-0.103809,
0.023911,
-0.122303,
-0.441984,
0.434141,
-0.371700,
0.357295,
0.399319,
-0.404416,
-0.488311,
0.331996,
0.414914,
0.286340,
-0.442808,
-0.147725,
-0.145619,
0.054888,
-0.273125,
-0.291772,
-0.181448,
-0.314753,
-0.090503,
0.011368,
0.139515,
-0.318201,
0.090594,
-0.190634,
0.160909,
0.052995,
-0.373898,
0.390530,
0.450102,
0.300317,
-0.099414,
0.433653,
-0.026933,
0.018632,
0.151601,
-0.339930,
-0.236564,
0.013749,
-0.258690,
0.144002,
-0.383084,
0.344295,
-0.343318,
-0.063189,
-0.157460,
0.193197,
-0.480804,
0.162709,
-0.398587,
-0.024186,
-0.114063,
0.240867,
-0.134877,
-0.409391,
0.122639,
0.390927,
-0.476012,
0.218528,
-0.369594,
0.077929,
-0.322535,
-0.422605,
-0.292749,
-0.446928,
-0.362972,
0.037980,
-0.174612,
0.146199,
-0.326624,
-0.492706,
-0.393918,
0.466582,
0.039140,
0.485900,
0.272942,
0.168325,
0.297998,
0.205039,
-0.135304,
0.436216,
0.491760,
0.250694,
-0.010453,
-0.151387,
0.176748,
-0.420652,
0.401273,
-0.226310,
-0.139637,
0.333522,
0.178945,
-0.045091,
-0.130665,
0.361446,
-0.208182,
0.442351,
0.181021,
-0.151112,
-0.170400,
-0.474242,
0.248558,
-0.031907,
-0.319544,
-0.173635,
0.351711,
-0.049455,
-0.062578,
0.202322,
-0.495849,
0.490112,
-0.185629,
-0.374416,
0.448759,
-0.117847,
0.353420,
-0.314600,
-0.228141,
-0.194510,
-0.295953,
-0.125050,
-0.331782,
0.153096,
0.256340,
0.317652,
0.387265,
-0.182241,
-0.091571,
0.088946,
-0.107624,
-0.160695,
0.250420,
-0.209677,
-0.235435,
-0.180776,
-0.054857,
-0.468810,
-0.118976,
0.009110,
0.087909,
-0.024430,
-0.099261,
-0.020707,
-0.174459,
-0.390896,
0.087909,
0.273797,
0.016800,
-0.116626,
-0.495758,
-0.042283,
0.214866,
0.393185,
0.102161,
0.463622,
-0.246574,
-0.256554,
-0.250969,
-0.357143,
0.217521,
0.261711,
-0.285241,
0.428404,
0.080279,
0.212516,
-0.346675,
0.015030,
-0.212882,
-0.329768,
-0.390255,
-0.036485,
0.068407,
-0.293878,
0.083728,
0.134754,
-0.238334,
0.046129,
-0.319086,
-0.139576,
-0.074725,
-0.144215,
0.383938,
0.256005,
-0.476226,
-0.191916,
-0.027055,
0.082720,
0.467406,
0.091021,
-0.371273,
0.064531,
0.285699,
-0.489349,
0.247948,
0.066607,
0.217856,
0.346339,
-0.497070,
0.041124,
-0.000412,
0.113819,
0.176870,
0.147023,
0.129139,
-0.106800,
-0.194754,
-0.050096,
-0.107379,
0.377377,
0.155843,
0.108142,
-0.069323,
0.297296,
-0.422910,
0.451598,
-0.372860,
0.380734,
-0.252373,
-0.140736,
0.101520,
-0.499756,
-0.143300,
-0.158193,
0.085894,
0.167135,
-0.251915,
0.235649,
0.468078,
0.026963,
0.057848,
-0.085681,
-0.218009,
-0.486511,
-0.122547,
-0.075854,
0.426603,
0.317377,
-0.026200,
-0.050615,
-0.105670,
-0.175283,
0.096820,
-0.485809,
-0.209006,
0.183676,
0.406369,
-0.173055,
-0.072466,
0.153249,
-0.450499,
-0.326594,
0.265496,
0.392270,
0.419523,
0.265007,
-0.002792,
0.343684,
0.127552,
0.448424,
-0.457884,
0.370846,
0.218619,
0.182760,
-0.259911,
0.302240,
-0.337031,
-0.309351,
0.023545,
0.040330,
-0.345943,
0.189138,
-0.150868,
0.391385,
-0.255638,
-0.392788,
0.170644,
-0.228019,
0.350398,
0.195791,
0.233818,
-0.050829,
0.158101,
0.436521,
0.475188,
0.469481,
0.459990,
0.155599,
-0.194906,
-0.065966,
-0.045122,
0.249107,
0.057451,
-0.224296,
0.042161,
-0.074236,
-0.114185,
-0.305933,
0.141102,
-0.126484,
-0.111042,
0.405179,
0.067003,
0.256310,
0.245537,
-0.138264,
-0.004807,
-0.053026,
-0.359951,
-0.399380,
0.044237,
-0.096912,
-0.238975,
0.373287,
0.009201,
0.091205,
0.152638,
-0.284509,
0.277154,
-0.133595,
-0.298791,
-0.386685,
0.454985,
0.213187,
-0.462310,
-0.079485,
-0.258385,
-0.246086,
-0.362636,
-0.315607,
-0.424314,
-0.068987,
-0.101917,
0.036088,
-0.410245,
0.269280,
-0.021683,
-0.198508,
0.402341,
0.124561,
-0.323878,
0.489166,
0.279138,
-0.174917,
0.130543,
-0.188528,
0.194876,
-0.388668,
-0.373714,
0.395230,
0.326411,
0.281457,
0.283410,
-0.162221,
-0.491089,
-0.052660,
0.412839,
-0.234550,
-0.313654,
-0.190909,
-0.180776,
0.049821,
-0.112995,
0.352626,
-0.167562,
-0.161336,
-0.244133,
-0.122303,
0.348506,
-0.442442,
0.174947,
-0.237754,
-0.338130,
-0.461638,
0.002640,
0.369228,
0.369961,
0.431089,
0.463408,
0.002121,
0.130757,
0.054826,
0.219260,
-0.183981,
-0.444151,
-0.154988,
-0.345912,
0.089496,
0.019028,
-0.448027,
0.402066,
-0.235649,
-0.337886,
0.348201,
-0.348628,
-0.340907,
0.379727,
-0.000351,
0.254967,
0.262535,
0.063341,
0.258141,
0.178549,
-0.486358,
-0.113361,
0.130390,
0.318476,
0.474212,
-0.086932,
0.180502,
0.219321,
0.299829,
-0.193106,
-0.478332,
-0.276452,
0.416654,
-0.071001,
-0.346248,
0.084063,
0.308863,
-0.401303,
-0.197195,
-0.429472,
-0.175924,
-0.197012,
-0.081378,
0.101520,
0.402463,
0.133992,
-0.012955,
-0.067003,
0.135914,
0.236381,
-0.187399,
-0.065142,
0.063585,
-0.454070,
-0.071490,
0.486663,
-0.389981,
-0.400021,
-0.210471,
-0.476623,
-0.427885,
-0.298181,
-0.095569,
-0.236625,
-0.438902,
0.219413,
0.064135,
-0.351283,
0.305841,
0.300592,
0.321894,
0.029984,
-0.276177,
0.285089,
-0.118488,
0.126331,
0.165944,
-0.404599,
-0.449889,
-0.207846,
-0.258782,
0.387417,
-0.088336,
-0.378140,
0.128071,
-0.258415,
-0.122639,
-0.076556,
-0.222068,
-0.322932,
-0.230857,
0.092700,
-0.082080,
-0.231101,
-0.407041,
0.419065,
0.258476,
-0.349971,
-0.342616,
-0.145863,
-0.187857,
0.179525,
0.194418,
-0.225242,
-0.269524,
-0.442228,
0.138417,
0.270959,
-0.435942,
0.170553,
-0.280602,
-0.009049,
-0.146840,
0.442442,
0.027268,
0.073809,
0.454466,
0.481658,
0.202719,
0.201376,
-0.489654,
-0.203116,
0.411588,
0.300531,
0.467345,
-0.132252,
0.258446,
-0.072893,
0.048967,
-0.149983,
-0.203909,
-0.137318,
-0.409268,
0.196768,
-0.213126,
-0.044481,
-0.357875,
0.476897,
0.372219,
-0.263146,
0.242576,
0.172109,
-0.193350,
-0.155995,
-0.222404,
-0.266289,
0.412534,
-0.218894,
-0.178732,
-0.319575,
0.411679,
0.049181,
-0.128956,
0.018265,
-0.209708,
0.176412,
0.381680,
-0.235740,
-0.146779,
-0.319605,
0.004135,
-0.145222,
-0.375973,
0.492981,
0.435789,
0.219749,
-0.253075,
-0.120899,
-0.211905,
0.304346,
0.047044,
0.381680,
-0.121540,
-0.180898,
0.404904,
-0.177694,
0.351741,
-0.000168,
0.101886,
-0.109455,
0.038377,
0.158498,
0.292596,
0.351863,
0.454955,
-0.193686,
-0.239982,
0.406156,
-0.146352,
0.130543,
-0.389035,
0.228019,
-0.273186,
0.105945,
0.066271,
0.219810,
0.172689,
0.022111,
0.003555,
0.008682,
0.028977,
-0.291711,
0.408231,
-0.280694,
0.179983,
0.236747,
0.388394,
-0.446959,
-0.056047,
0.385525,
-0.088946,
0.205130,
-0.053209,
-0.357387,
-0.085009,
0.150685,
0.388302,
0.032334,
-0.043199,
0.331751,
0.107105,
-0.455046,
0.046587,
0.275262,
0.350978,
0.451415,
-0.170919,
0.174367,
-0.341792,
0.283807,
-0.233024,
-0.036363,
-0.243370,
-0.236717,
0.482421,
-0.080035,
-0.113361,
0.456603,
-0.087359,
-0.180319,
0.453917,
0.441801,
0.436918,
0.183981,
0.418882,
-0.234092,
-0.370266,
-0.356838,
0.328547,
-0.026048,
-0.202139,
-0.048448,
0.397153,
0.492157,
-0.043809,
-0.316309,
-0.458068,
0.145344,
0.400052,
0.143941,
-0.219779,
-0.409024,
-0.471404,
-0.480407,
-0.105823,
-0.049974,
0.077410,
-0.189962,
-0.230827,
0.416318,
0.414457,
-0.438108,
0.312525,
0.125965,
0.057665,
-0.057329,
0.358180,
0.067644,
0.068957,
0.183096,
0.464446,
0.315027,
0.481658,
-0.079943,
0.010208,
0.362941,
0.417234,
0.471191,
0.496246,
-0.151906,
0.047929,
-0.427854,
0.458007,
0.436155,
0.061205,
-0.391537,
-0.104083,
0.155416,
-0.217612,
-0.127827,
-0.370388,
-0.040056,
-0.388180,
-0.124378,
0.481933,
-0.198477,
-0.067278,
0.252892,
-0.300531,
-0.006638,
0.145924,
0.280450,
-0.484069,
0.145589,
-0.012101,
-0.451933,
0.263848,
0.454466,
-0.211753,
-0.188284,
-0.058397,
-0.373623,
-0.177206,
-0.441130,
-0.358150,
0.217887,
0.418699,
0.318384,
-0.252525,
-0.327296,
-0.032304,
0.245354,
0.301233,
-0.162282,
-0.496002,
0.013108,
0.455535,
0.238273,
0.002731,
-0.457366,
0.408872,
-0.105090,
0.055193,
-0.398556,
-0.265740,
-0.038011,
0.077624,
-0.197378,
-0.493011,
-0.029893,
-0.290796,
0.035691,
0.137135,
-0.046892,
-0.444060,
-0.139790,
0.313623,
0.241234,
-0.063768,
-0.106342,
-0.034288,
0.201376,
-0.215110,
-0.275353,
-0.351558,
-0.293878,
0.371578,
0.382748,
0.258049,
-0.387783,
-0.010331,
-0.103870,
0.483703,
0.030320,
0.272668,
-0.031327,
-0.098102,
-0.333186,
0.293054,
0.307062,
0.119739,
0.019486,
0.101276,
-0.370357,
-0.126911,
-0.292627,
-0.140034,
-0.111530,
0.486145,
-0.282739,
0.230369,
-0.265007,
-0.401334,
-0.152882,
0.166921,
-0.238456,
-0.432951,
0.127949,
-0.223807,
-0.450774,
0.445341,
-0.494354,
0.396695,
0.053850,
-0.047563,
-0.436125,
-0.444639,
0.360866,
0.332545,
-0.431059,
-0.042314,
0.340846,
-0.486511,
-0.381558,
0.166799,
0.236442,
0.471007,
0.174612,
0.128590,
-0.287683,
0.203604,
-0.236503,
0.198752,
0.399289,
0.225730,
0.121906,
-0.172170,
0.463713,
-0.015915,
-0.427885,
-0.439024,
0.233543,
0.104541,
-0.092914,
-0.491821,
0.412534,
-0.124989,
-0.433836,
-0.058336,
-0.086993,
-0.128834,
0.383450,
0.176229,
-0.160176,
0.130879,
-0.310846,
0.389401,
-0.344935,
-0.216392,
0.046434,
-0.463134,
0.056566,
-0.458525,
0.403592,
0.020341,
-0.400388,
-0.042528,
-0.056078,
0.263024,
-0.405026,
-0.142232,
0.413938,
-0.149831,
0.312891,
-0.145894,
0.211295,
0.389889,
0.025101,
0.342433,
0.014023,
-0.248894,
-0.083605,
-0.106006,
0.231620,
-0.165303,
0.396023,
0.445738,
0.059954,
-0.466002,
-0.159047,
0.195059,
0.420804,
0.041185,
0.302332,
-0.393521,
-0.432554,
0.155354,
0.205435,
0.435789,
-0.362331,
-0.250938,
-0.424375,
0.177602,
-0.065142,
0.049242,
-0.179342,
-0.156301,
0.219321,
-0.111347,
-0.399167,
0.476989,
-0.209555,
-0.415464,
-0.181478,
0.308527,
-0.358913,
-0.399716,
0.257683,
-0.036790,
0.465453,
-0.353236,
-0.094409,
-0.379482,
-0.198202,
0.379025,
0.486938,
-0.463500,
0.091296,
0.345241,
0.242302,
-0.166311,
-0.066179,
0.343867,
0.482025,
-0.035661,
0.322626,
-0.154988,
-0.053392,
-0.245811,
0.138417,
-0.367306,
-0.494751,
0.432279,
-0.315210,
0.324061,
0.223136,
-0.446562,
-0.454314,
-0.078448,
0.329432,
0.219718,
-0.453520,
0.055040,
0.116840,
-0.493439,
0.099872,
0.069140,
0.304041,
-0.499237,
-0.282495,
-0.387326,
-0.107868,
-0.144398,
-0.030625,
-0.113514,
0.046800,
0.270012,
-0.328730,
0.205496,
0.036668,
-0.202261,
-0.417875,
0.031449,
-0.239982,
0.393124,
0.392605,
0.132954,
-0.109760,
-0.401273,
0.285516,
0.028184,
0.171987,
-0.217185,
-0.149739,
0.367519,
-0.101245,
-0.168996,
-0.368374,
0.411679,
0.103442,
-0.300317,
0.094806,
0.261681,
0.493103,
-0.262932,
0.287561,
-0.002640,
-0.341090,
0.177816,
-0.018998,
0.379940,
-0.406980,
-0.282189,
-0.429777,
0.275597,
0.043107,
-0.424467,
-0.484375,
0.455840,
-0.263878,
-0.054369,
-0.393124,
-0.068865,
0.002457,
0.251457,
-0.169912,
0.474059,
-0.168325,
0.102863,
0.120045,
0.487884,
-0.108692,
0.364986,
-0.221885,
-0.122608,
-0.460479,
0.244987,
-0.162221,
0.078021,
0.363521,
-0.197745,
0.158345,
-0.101154,
0.274132,
-0.211020,
-0.471282,
0.337001,
-0.311212,
0.226890,
-0.438017,
0.018509,
-0.166707,
-0.373440,
-0.337611,
0.422727,
-0.305933,
0.255699,
-0.154378,
-0.454222,
-0.347865,
0.362392,
-0.305780,
0.160268,
0.329951,
-0.240440,
0.228629,
0.326350,
-0.317896,
-0.322596,
-0.024216,
0.311365,
-0.137959,
0.289148,
0.016007,
-0.425993,
-0.105304,
-0.182760,
0.289911,
-0.031144,
-0.312494,
-0.374264,
-0.054002,
-0.171896,
0.410489,
0.205283,
0.010880,
0.076373,
-0.223594,
0.456969,
0.162709,
0.035142,
0.253014,
0.181112,
-0.110462,
0.072710,
-0.262078,
0.177633,
-0.186239,
-0.243858,
-0.272332,
-0.136311,
0.463530,
-0.338496,
-0.487884,
-0.184561,
0.273034,
0.498474,
0.425657,
0.139699,
0.092303,
-0.294366,
-0.313959,
0.081866,
-0.011826,
0.172903,
-0.147267,
-0.223228,
-0.382595,
0.246849,
0.435240,
-0.452147,
-0.046556,
-0.324244,
-0.316675,
-0.338160,
-0.352321,
-0.349788,
0.090197,
-0.055406,
-0.192831,
-0.404202,
-0.360591,
0.164418,
0.469237,
-0.126209,
0.327723,
-0.410611,
-0.445433,
0.046434,
-0.005814,
-0.375271,
-0.419340,
-0.137043,
-0.012680,
-0.063616,
-0.084674,
-0.377529,
-0.298730,
-0.032762,
-0.146626,
0.070116,
-0.487396,
0.252281,
0.296228,
0.482513,
0.148457,
0.438658,
0.316553,
0.099109,
0.017777,
0.417234,
0.388852,
-0.444456,
-0.463347,
0.471496,
-0.432676,
0.474883,
-0.021043,
-0.149464,
0.392239,
-0.126545,
-0.116230,
-0.327937,
-0.193960,
-0.462218,
-0.449461,
-0.438444,
-0.139454,
0.027726,
-0.346370,
-0.065874,
0.496338,
0.463439,
-0.493194,
0.325312,
0.175680,
-0.248497,
0.009934,
-0.323237,
-0.349727,
0.406919,
-0.191916,
-0.016648,
-0.355068,
-0.373226,
-0.304926,
0.207907,
-0.261437,
-0.227470,
-0.207724,
-0.130421,
0.223716,
-0.083667,
-0.465941,
0.212607,
0.225730,
-0.391751,
-0.008713,
0.360988,
-0.136891,
-0.479369,
-0.436430,
0.366207,
-0.269890,
0.125263,
-0.427610,
-0.446654,
0.482665,
0.060198,
-0.214408,
0.072741,
-0.190756,
0.342463,
0.404691,
0.062273,
-0.432157,
0.082263,
-0.453490,
0.328120,
0.369930,
-0.144032,
-0.249687,
-0.051439,
0.393002,
0.393033,
-0.458922,
-0.291559,
-0.296808,
-0.266167,
-0.418790,
-0.230552,
-0.131428,
-0.485382,
0.441099,
0.483428,
0.144826,
-0.464660,
-0.479858,
-0.245933,
0.014267,
0.267235,
0.149495,
-0.145680,
0.360164,
0.455748,
0.407437,
0.104358,
0.056322,
0.475921,
-0.320826,
0.317621,
0.254570,
-0.404508,
0.492065,
0.420743,
0.150319,
-0.197195,
-0.343043,
0.153066,
-0.491760,
0.355190,
0.248314,
0.253075,
-0.271233,
-0.295770,
0.452483,
0.036973,
-0.263237,
-0.045274,
-0.182882,
-0.223716,
0.473937,
-0.487579,
-0.068041,
-0.219413,
0.275903,
0.078082,
0.072405,
-0.408719,
-0.084765,
-0.357112,
-0.162618,
0.193350,
-0.408048,
-0.357295,
0.312586,
-0.349452,
-0.347835,
-0.073748,
-0.209830,
0.071062,
0.316919,
-0.305811,
-0.423215,
0.309107,
0.201743,
0.065264,
-0.079821,
0.309381,
-0.091449,
0.425565,
-0.413449,
-0.499847,
0.471221,
0.217032,
0.119587,
0.141835,
-0.064409,
0.322047,
0.312037,
0.036058,
-0.144185,
-0.300256,
-0.078204,
-0.496673,
-0.012162,
0.430540,
0.163350,
0.033830,
-0.038652,
-0.174947,
0.005417,
-0.481628,
0.211478,
-0.245964,
-0.192831,
0.466155,
-0.048234,
-0.145161,
0.323023,
0.114307,
0.469054,
-0.228660,
-0.391934,
-0.162923,
-0.478027,
0.083331,
-0.144826,
-0.240471,
0.124653,
0.081439,
-0.305170,
-0.017197,
0.495483,
0.044145,
-0.010697,
0.326960,
0.454192,
0.173025,
-0.348018,
-0.002487,
0.046800,
-0.157704,
-0.476379,
0.082202,
-0.319544,
0.319208,
-0.163839,
0.283990,
-0.450560,
-0.388730,
0.295984,
-0.203238,
-0.366726,
-0.403134,
0.317408,
-0.270379,
0.048418,
0.095050,
0.437803,
-0.013504,
0.034715,
0.031266,
0.445738,
0.007035,
0.357875,
0.355037,
0.253044,
0.274834,
0.409177,
-0.134449,
0.042497,
-0.000137,
-0.216239,
-0.397794,
-0.278008,
-0.119129,
-0.381405,
-0.044694,
0.216727,
0.353725,
0.471557,
0.154164,
-0.369686,
0.232963,
0.022629,
0.288079,
-0.193411,
0.151692,
0.378842,
-0.482971,
0.322810,
-0.293207,
0.263726,
-0.372127,
0.445799,
-0.284661,
-0.127033,
-0.407407,
0.082385,
0.488739,
-0.322718,
0.284753,
0.254967,
-0.469573,
-0.046251,
0.010300,
0.134022,
-0.435942,
0.326991,
0.009293,
0.158132,
0.297662,
0.101184,
-0.415708,
0.273553,
-0.169637,
-0.335322,
0.012223,
-0.176046,
0.108417,
-0.252159,
-0.104572,
0.121723,
0.335688,
-0.184225,
0.108783,
0.232383,
-0.254265,
0.376919,
-0.001663,
0.002945,
-0.358211,
0.489257,
-0.011551,
-0.134144,
0.109943,
0.244530,
0.253380,
0.449339,
0.312738,
-0.487182,
-0.390683,
-0.474212,
-0.230674,
-0.272423,
0.283807,
0.329463,
-0.472289,
-0.006729,
-0.282250,
-0.226005,
-0.363826,
0.296381,
0.057665,
-0.397610,
-0.180349,
0.101306,
0.492828,
-0.000900,
-0.232597,
0.112201,
0.094928,
-0.303369,
-0.061602,
0.481994,
0.315790,
0.107807,
0.290368,
0.250084,
-0.200583,
-0.486114,
-0.161000,
0.289697,
-0.335139,
-0.158498,
0.453581,
-0.453642,
-0.084033,
0.058000,
-0.205039,
-0.151540,
0.134480,
-0.282434,
-0.197409,
0.071490,
0.112354,
-0.311090,
-0.363460,
-0.063067,
-0.420011,
-0.404233,
0.480804,
0.227439,
-0.313684,
0.001602,
0.114124,
-0.301294,
0.387143,
-0.130268,
-0.345027,
0.470611,
0.397732,
0.329920,
0.386288,
0.177358,
-0.133473,
0.283197,
0.066454,
-0.340693,
0.425413,
-0.124531,
-0.366695,
0.476653,
-0.226676,
0.371670,
-0.293451,
0.026566,
0.449400,
0.461608,
-0.204642,
-0.454405,
-0.048387,
-0.471465,
-0.382504,
-0.222404,
-0.142262,
-0.087786,
0.435789,
-0.411069,
0.104053,
-0.303217,
-0.181692,
0.312647,
0.078784,
0.055864,
-0.270775,
0.101825,
-0.313746,
-0.314875,
0.355312,
0.074480,
0.037950,
0.354366,
-0.424741,
-0.469695,
-0.073443,
0.109577,
0.478179,
0.021226,
-0.260094,
0.156972,
-0.163564,
-0.443541,
-0.029740,
-0.040239,
-0.059404,
-0.276147,
-0.024339,
-0.420896,
-0.298547,
0.008347,
0.149434,
-0.209555,
0.426084,
0.088916,
0.154378,
0.006394,
0.173757,
0.395413,
0.377285,
-0.462218,
0.098651,
-0.293817,
0.260643,
0.223472,
-0.315455,
0.068438,
-0.332362,
-0.039140,
0.278832,
-0.178640,
-0.063677,
0.167898,
-0.168783,
0.004868,
-0.220298,
-0.291986,
0.244194,
-0.066363,
-0.312281,
0.309198,
0.240562,
0.218894,
-0.012589,
0.008316,
0.155263,
0.018448,
0.217521,
-0.347530,
-0.442991,
-0.203452,
-0.026078,
-0.012131,
0.106342,
0.374996,
-0.118183,
0.367763,
-0.443876,
-0.444029,
-0.148671,
-0.388699,
0.301172,
0.099078,
0.272271,
0.043474,
0.382565,
0.332514,
0.305017,
0.248192,
0.353755,
0.180654,
-0.077074,
-0.434477,
-0.086352,
-0.111194,
-0.136708,
-0.135670,
-0.285821,
0.226432,
0.142476,
-0.378689,
0.247459,
0.450133,
0.291925,
-0.161641,
0.219413,
-0.192312,
-0.028886,
-0.171468,
0.316187,
-0.135640,
0.113605,
0.402951,
-0.230979,
0.432768,
0.262627,
0.488952,
-0.375546,
0.387265,
0.252464,
-0.288690,
0.125935,
0.144795,
-0.108509,
-0.032426,
0.112568,
0.092547,
-0.196249,
-0.471343,
-0.157735,
-0.255608,
0.084796,
-0.303644,
0.144673,
-0.092883,
-0.071795,
-0.451506,
0.310205,
-0.362697,
-0.120716,
-0.196738,
-0.377773,
0.271142,
-0.128315,
0.334071,
-0.062456,
0.306970,
-0.296442,
0.365963,
0.222251,
0.423307,
0.109607,
-0.115192,
0.448698,
0.412259,
0.084826,
0.290948,
-0.239586,
0.310816,
-0.383419,
-0.172262,
0.310358,
-0.489898,
0.481201,
-0.182699,
-0.320429,
0.124775,
0.260949,
0.233757,
0.282281,
0.403226,
0.238487,
-0.354305,
-0.337031,
0.460173,
0.324091,
0.059252,
0.093127,
0.112659,
-0.327570,
-0.307703,
0.372372,
0.100971,
0.145253,
0.212272,
0.241264,
0.475494,
0.275689,
0.467528,
0.311548,
0.430601,
-0.109027,
0.244194,
-0.079638,
0.367550,
0.049699,
0.080065,
-0.185598,
0.466674,
0.449522,
-0.334132,
0.070421,
-0.449095,
-0.038041,
-0.134083,
0.158376,
-0.478545,
0.450530,
-0.110797,
-0.446623,
0.146870,
-0.472106,
-0.357967,
-0.197317,
0.487030,
0.409482,
-0.206473,
0.454039,
-0.266869,
-0.482025,
-0.414609,
-0.248466,
-0.254936,
-0.002762,
-0.083056,
-0.494446,
0.066912,
-0.210379,
-0.263115,
0.042467,
-0.297479,
0.434660,
0.272820,
-0.359279,
0.432279,
0.244377,
0.130146,
0.359706,
-0.048540,
0.011979,
-0.208945,
-0.332820,
-0.386990,
-0.090106,
-0.454497,
-0.227805,
0.054247,
-0.266503,
0.384732,
0.068682,
0.490173,
0.146931,
-0.110981,
-0.402768,
-0.046281,
0.086963,
-0.358791,
-0.069506,
0.264733,
-0.018571,
0.196188,
0.388516,
0.008438,
-0.061754,
0.138813,
-0.009507,
0.305292,
-0.438505,
0.260857,
0.049333,
-0.347285,
-0.449278,
0.388089,
-0.185324,
-0.379299,
-0.260521,
-0.110706,
0.071215,
-0.318140,
-0.270074,
0.398190,
0.098193,
-0.042253,
-0.221000,
-0.220969,
-0.103229,
0.162282,
0.093066,
-0.131642,
0.090899,
-0.476257,
0.186941,
0.022660,
0.408383,
-0.033372,
0.463500,
0.004349,
0.148305,
0.334284,
-0.329554,
0.236839,
-0.458922,
-0.065935,
0.390225,
-0.040239,
0.407254,
0.185812,
0.219138,
0.316218,
0.021226,
-0.344752,
-0.207419,
-0.097522,
-0.413266,
0.253319,
0.311914,
-0.187735,
0.229484,
-0.117328,
-0.270379,
-0.293970,
-0.086261,
0.312983,
0.249107,
-0.062761,
0.189230,
-0.434385,
0.294794,
0.266167,
0.173940,
-0.410184,
-0.390469,
0.193106,
-0.320154,
-0.489441,
-0.364834,
0.441954,
-0.112537,
0.230461,
-0.167562,
-0.374691,
0.475036,
-0.333949,
0.096454,
-0.377499,
-0.390255,
0.400540,
-0.075426,
-0.298151,
-0.294092,
0.033128,
0.492035,
-0.081774,
0.357326,
0.007614,
0.292261,
-0.182821,
0.349513,
0.200247,
0.497833,
-0.022813,
0.158498,
0.048723,
-0.301691,
0.420927,
-0.158071,
-0.496429,
0.171651,
0.426664,
-0.270775,
-0.417051,
0.344295,
-0.228080,
-0.183309,
-0.187796,
-0.402127,
-0.060625,
0.273919,
0.329341,
0.077227,
0.317255,
-0.032060,
-0.061907,
-0.343165,
-0.074969,
0.411100,
-0.110828,
-0.278130,
-0.304132,
0.038865,
-0.328578,
-0.080493,
-0.153279,
0.224265,
-0.406003,
-0.462340,
0.367763,
-0.065264,
0.440733,
-0.333216,
0.162191,
0.437712,
-0.021958,
-0.199149,
-0.132374,
-0.038530,
-0.402188,
0.034379,
-0.109577,
-0.282800,
-0.124073,
-0.488708,
-0.316004,
0.188711,
0.328333,
0.281976,
-0.197073,
0.095843,
0.145436,
0.224723,
-0.236961,
-0.061815,
0.186575,
0.188040,
0.240196,
-0.475188,
0.015000,
0.009690,
-0.362606,
0.397000,
0.255760,
-0.430845,
-0.446928,
-0.450774,
0.056475,
-0.470489,
0.180258,
0.355892,
-0.066698,
-0.075213,
0.169240,
0.108753,
-0.217277,
0.249535,
-0.015915,
0.072466,
0.340754,
0.206504,
0.284539,
0.463561,
-0.129627,
-0.231162,
0.364650,
0.259636,
0.359096,
-0.287194,
0.179342,
0.245018,
0.007279,
0.277642,
-0.010086,
0.198691,
0.288873,
0.108478,
0.160115,
-0.368557,
0.365444,
0.138936,
0.133869,
-0.022263,
0.135334,
-0.430906,
0.125721,
-0.350948,
-0.301569,
-0.404172,
-0.444456,
-0.145100,
-0.481414,
0.050829,
-0.241264,
-0.402524,
0.064196,
-0.396512,
0.002853,
-0.253349,
0.208823,
-0.315485,
0.342158,
-0.399167,
0.172628,
-0.213889,
0.341456,
-0.158956,
0.286309,
0.295679,
0.200339,
0.283258,
0.358272,
-0.481048,
0.308802,
0.336055,
-0.073260,
0.048692,
-0.234092,
-0.430235,
0.177938,
0.135456,
-0.107166,
0.302820,
-0.188711,
0.216514,
0.270806,
-0.387844,
-0.366573,
0.259209,
0.336116,
-0.326167,
0.161763,
0.075091,
0.062822,
-0.160329,
0.019120,
0.260979,
-0.235405,
0.356533,
0.400723,
-0.076952,
-0.452971,
0.134724,
0.394620,
-0.159230,
0.441588,
0.471160,
0.436796,
0.226066,
-0.247795,
0.133839,
-0.317530,
-0.265191,
-0.353481,
-0.285730,
-0.425413,
-0.113575,
-0.477935,
-0.346706,
0.390835,
-0.452300,
0.179159,
-0.152821,
0.050188,
-0.362300,
0.331904,
0.240043,
-0.038987,
-0.290735,
0.488128,
0.308863,
0.190909,
-0.435942,
-0.270226,
-0.152730,
-0.259697,
-0.443266,
0.425077,
-0.045518,
0.200766,
-0.254997,
0.403226,
-0.364559,
-0.420591,
-0.458342,
-0.376431,
-0.081317,
-0.429533,
0.024735,
-0.129780,
-0.102069,
0.055376,
-0.437956,
-0.497131,
-0.396237,
0.112659,
-0.093249,
-0.203970,
0.111774,
0.318934,
0.419401,
-0.103046,
-0.207022,
-0.378018,
-0.426542,
-0.065661,
0.113514,
-0.432524,
0.400540,
0.308374,
-0.111103,
0.160390,
0.030595,
-0.306269,
0.400082,
0.142506,
-0.015091,
-0.212943,
0.276635,
-0.032914,
0.376736,
0.329188,
-0.445738,
0.252281,
-0.323511,
0.434538,
-0.187979,
-0.006088,
0.197958,
-0.241752,
-0.204093,
0.319666,
-0.039171,
-0.467589,
0.435179,
0.065294,
0.087237,
0.002731,
-0.342677,
-0.045488,
0.387020,
0.296716,
-0.091571,
-0.336482,
0.289117,
0.254967,
-0.215659,
-0.448393,
-0.225211,
0.256401,
-0.320093,
0.338954,
0.469085,
-0.430906,
-0.138142,
-0.486938,
-0.453429,
0.257530,
-0.128376,
-0.255028,
-0.391842,
0.177786,
-0.335200,
0.096210,
0.184500,
0.092029,
0.392880,
0.298395,
0.022599,
0.433317,
0.233879,
-0.113971,
-0.187674,
-0.248253,
0.178365,
0.464385,
-0.491913,
0.374172,
0.176260,
-0.107044,
-0.097278,
0.307215,
-0.448332,
-0.333247,
-0.390439,
-0.083605,
0.091418,
0.275536,
0.109027,
0.411557,
-0.286523,
-0.176840,
0.015641,
-0.329951,
0.122028,
-0.312067,
0.222404,
0.429533,
0.354793,
-0.494903,
0.078051,
0.380551,
-0.370540,
0.252892,
0.253929,
0.191305,
0.395169,
-0.276727,
0.456389,
-0.005020,
-0.005051,
0.158986,
-0.358547,
0.371395,
-0.153767,
0.337458,
-0.112598,
0.353786,
-0.455046,
-0.116443,
-0.418149,
0.492615,
-0.200278,
0.091968,
0.079760,
-0.493133,
-0.397671,
0.040422,
0.487945,
-0.445097,
-0.459136,
0.275597,
-0.266686,
-0.344752,
-0.338221,
-0.147816,
-0.429655,
0.289392,
-0.213309,
0.006912,
-0.316034,
-0.282739,
-0.309107,
0.248344,
-0.455107,
0.037034,
0.049211,
0.144276,
0.172903,
-0.479919,
-0.444243,
-0.412503,
0.464415,
0.252831,
0.123798,
-0.178854,
0.241172,
-0.383847,
-0.428190,
0.005387,
-0.324366,
-0.365566,
-0.297601,
-0.393887,
0.249443,
-0.275506,
0.179678,
0.387356,
-0.098437,
-0.123646,
0.111957,
0.288171,
-0.477783,
-0.202872,
-0.254234,
-0.034043,
0.448332,
0.048601,
0.177419,
0.286676,
0.117664,
-0.289453,
0.488311,
-0.456236,
-0.462920,
-0.399319,
0.210318,
-0.313227,
-0.278161,
-0.417844,
-0.472198,
0.340968,
-0.238670,
-0.009323,
0.121845,
-0.100665,
-0.331446,
-0.288476,
0.063280,
0.467956,
-0.331294,
-0.061205,
-0.338771,
-0.053789,
0.083636,
0.146901,
-0.327479,
0.023026,
0.468139,
0.306665,
-0.221030,
0.370388,
0.154530,
-0.123432,
-0.261711,
-0.184835,
-0.138234,
-0.399106,
0.115223,
-0.228935,
-0.475066,
-0.354640,
-0.001114,
-0.288598,
0.002152,
0.102313,
-0.387143,
-0.035997,
-0.185781,
0.395932,
0.223960,
-0.390164,
-0.425840,
-0.380490,
0.256066,
-0.233573,
0.262017,
0.335200,
0.015366,
0.037004,
0.002029,
-0.131886,
-0.066759,
0.407346,
0.497681,
-0.374203,
-0.267205,
0.370632,
-0.218619,
0.474425,
0.425657,
-0.437376,
0.434904,
-0.297510,
-0.455199,
-0.312677,
-0.063616,
-0.395627,
-0.479522,
0.015275,
0.291192,
0.213492,
-0.395657,
0.235221,
-0.398465,
0.217612,
0.249199,
-0.059526,
-0.267571,
-0.413114,
0.349696,
-0.468444,
-0.271020,
-0.053880,
0.250786,
-0.184256,
0.142415,
0.222190,
-0.069933,
0.085467,
-0.079730,
-0.401639,
0.260033,
-0.043840,
0.017350,
0.306513,
-0.243309,
-0.254509,
0.383633,
0.288141,
-0.279077,
-0.325526,
0.485382,
0.256218,
0.178365,
-0.327631,
0.015793,
0.188345,
-0.475280,
0.066271,
-0.048845,
-0.216941,
0.282189,
-0.063402,
-0.390805,
-0.089984,
-0.126545,
0.420103,
-0.134632,
-0.414182,
-0.180441,
-0.258904,
0.183920,
-0.493713,
0.268029,
0.252739,
-0.380764,
-0.333338,
0.256859,
0.268975,
0.444700,
0.101123,
-0.378414,
-0.030839,
-0.435942,
0.272393,
-0.048936,
0.155965,
0.363033,
0.143330,
0.497925,
0.147938,
0.155782,
0.461058,
0.450865,
-0.411679,
-0.115864,
0.285516,
0.474364,
0.451109,
0.224418,
0.293207,
-0.077929,
0.025346,
-0.240928,
-0.112171,
-0.369503,
0.159597,
0.368770,
-0.351588,
-0.301202,
-0.452971,
-0.498352,
0.147053,
0.161306,
0.333216,
0.475768,
-0.333399,
-0.041124,
-0.173147,
0.470611,
-0.149617,
0.115253,
-0.404141,
0.365078,
-0.185507,
-0.475219,
-0.270837,
0.076495,
-0.245598,
0.257836,
-0.454314,
-0.441343,
-0.423063,
-0.210410,
-0.467864,
0.113758,
-0.411069,
0.059679,
-0.209708,
0.175314,
-0.226493,
-0.232627,
-0.224693,
0.217887,
-0.314051,
-0.190054,
-0.393307,
-0.049883,
0.499664,
0.269402,
-0.267846,
0.447233,
0.233604,
-0.145436,
0.226768,
0.379055,
-0.306787,
0.204550,
-0.492218,
-0.009781,
0.154897,
-0.040544,
-0.252861,
-0.011551,
0.326014,
0.005356,
-0.238212,
-0.002731,
-0.388211,
-0.201102,
-0.335444,
-0.270440,
0.219932,
0.178701,
0.055559,
-0.462096,
0.134114,
-0.431211,
0.035936,
0.498230,
0.488525,
-0.018479,
-0.174764,
-0.317255,
0.373287,
-0.275140,
0.263482,
-0.220939,
-0.396664,
0.221732,
-0.020829,
-0.289483,
0.481353,
-0.153890,
-0.495148,
0.415403,
0.085528,
0.183859,
0.120746,
0.440123,
0.114917,
-0.377132,
-0.291528,
-0.496521,
-0.178152,
-0.320032,
0.395871,
-0.312372,
0.064013,
-0.029710,
0.273553,
0.412259,
0.006516,
0.225364,
-0.034288,
-0.151662,
-0.494049,
0.266503,
0.335170,
-0.072344,
-0.292779,
0.339290,
0.104450,
-0.396146,
-0.115619,
-0.284143,
-0.325434,
-0.477660,
0.056902,
-0.029130,
-0.078265,
-0.245964,
0.412931,
-0.162526,
0.254326,
-0.249809,
0.069842,
0.049852,
-0.289514,
0.174062,
0.204428,
0.078173,
0.378353,
-0.234306,
0.083209,
0.162313,
-0.080523,
-0.103626,
0.024522,
-0.449126,
0.477233,
-0.031388,
-0.176534,
0.351436,
-0.248924,
0.317988,
-0.329127,
-0.101886,
-0.481780,
-0.226524,
0.097858,
0.043413,
0.383785,
-0.467925,
-0.023209,
0.279900,
0.040544,
-0.495849,
0.110553,
0.098132,
-0.179983,
-0.214469,
0.440336,
0.487396,
-0.184561,
0.413327,
0.404355,
-0.015030,
0.358638,
0.060533,
0.478057,
0.180898,
0.131336,
-0.173025,
0.426939,
0.083605,
-0.307306,
-0.218253,
0.304010,
0.253380,
-0.295923,
0.414090,
-0.277764,
0.109699,
-0.367885,
-0.351466,
0.433744,
0.318537,
0.211997,
-0.419004,
-0.253014,
-0.334132,
0.451262,
-0.408322,
-0.187002,
0.324183,
0.456175,
-0.008927,
0.312037,
-0.082751,
-0.138447,
-0.144368,
-0.428251,
0.290551,
0.145375,
0.209067,
-0.351344,
0.392483,
-0.390713,
0.205466,
0.403134,
0.173544,
0.306574,
0.470824,
0.100269,
-0.090747,
-0.301752,
0.258873,
-0.432829,
-0.146992,
0.319697,
-0.422300,
0.438414,
-0.374630,
0.237266,
-0.056719,
-0.480041,
0.245994,
-0.421934,
-0.083789,
-0.195517,
0.214286,
-0.087176,
0.077868,
0.167348,
-0.454894,
-0.226493,
-0.397610,
0.276116,
0.166005,
0.087054,
0.080493,
-0.256127,
-0.418302,
-0.193625,
-0.248527,
0.058306,
0.212851,
-0.480071,
-0.200156,
0.316858,
0.314264,
0.320856,
-0.127613,
0.300256,
-0.119800,
-0.282678,
0.472472,
-0.085009,
0.441588,
-0.134968,
0.387234,
-0.463713,
0.162404,
-0.096637,
-0.195395,
0.282586,
0.141102,
-0.323878,
0.275811,
-0.247215,
0.323359,
-0.381680,
0.179617,
0.258171,
-0.067797,
0.090533,
-0.154744,
0.079089,
-0.177602,
-0.058885,
-0.010483,
-0.221366,
-0.335536,
-0.420957,
-0.375484,
0.104236,
0.365200,
0.337031,
0.092486,
-0.491943,
-0.369106,
0.407163,
0.383847,
-0.181753,
0.079272,
0.130299,
0.394559,
0.091510,
-0.193655,
-0.080126,
0.279321,
0.178610,
-0.185018,
-0.398129,
-0.443297,
0.034104,
0.210654,
0.452178,
0.122486,
0.301477,
-0.428739,
-0.287927,
-0.172842,
0.204825,
0.397000,
-0.135914,
-0.225242,
0.278375,
0.046403,
0.448149,
-0.001999,
-0.034562,
0.065172,
-0.299280,
-0.332972,
-0.382626,
0.313746,
-0.203085,
0.487518,
-0.075518,
-0.200156,
-0.022355,
0.444243,
0.309626,
-0.377438,
0.342647,
-0.452940,
0.316065,
-0.066118,
-0.409177,
-0.265252,
-0.479369,
0.323908,
0.489349,
-0.406766,
0.003769,
-0.463469,
0.351924,
0.045000,
-0.093127,
-0.078875,
0.308771,
-0.335200,
0.109638,
-0.473144,
-0.351650,
-0.220908,
-0.443022,
0.245964,
0.012925,
0.004685,
0.268090,
-0.088092,
-0.271386,
0.383145,
-0.441771,
-0.240928,
0.051714,
-0.232902,
-0.495331,
0.149983,
-0.387844,
-0.385098,
0.188040,
-0.023942,
-0.164449,
-0.150410,
-0.259789,
-0.361019,
-0.375149,
-0.061541,
-0.269768,
0.017960,
0.083209,
-0.150014,
-0.080584,
0.329707,
-0.441099,
0.043443,
-0.083422,
0.287286,
-0.205832,
0.148427,
-0.234886,
0.464049,
0.458190,
0.489776,
-0.006973,
0.268700,
-0.153401,
0.114521,
0.156880,
0.438292,
0.028184,
0.477142,
0.411313,
0.454741,
0.219810,
0.439207,
0.135090,
-0.208518,
-0.328578,
-0.260460,
0.145192,
0.396695,
-0.158040,
-0.408170,
-0.470214,
0.318659,
0.147450,
-0.435179,
-0.368038,
-0.119648,
0.062731,
0.402432,
0.214682,
0.309015,
-0.142048,
-0.060778,
0.338862,
0.226829,
-0.249046,
-0.231742,
-0.014237,
-0.090594,
-0.242943,
-0.183279,
-0.045640,
-0.281823,
0.017319,
0.486297,
0.065630,
-0.387539,
-0.113575,
-0.486084,
0.204703,
0.148396,
-0.438108,
0.210013,
0.232047,
-0.130085,
-0.464690,
0.229301,
0.295221,
0.499084,
-0.352992,
-0.468474,
-0.427976,
-0.169088,
0.025895,
-0.312250,
-0.023179,
-0.259850,
-0.305261,
0.188559,
-0.139271,
0.205222,
0.123310,
-0.089679,
0.237358,
-0.244102,
-0.490478,
0.396451,
-0.434782,
0.251610,
0.070849,
0.108539,
-0.382046,
0.395383,
0.126057,
0.305292,
0.473663,
-0.108997,
0.250084,
-0.296014,
0.154592,
-0.351497,
0.281671,
-0.418119,
-0.051195,
-0.055010,
0.466124,
0.472991,
-0.055712,
-0.053301,
-0.485900,
0.116840,
-0.192618,
0.498779,
-0.142415,
-0.184225,
0.336726,
-0.411344,
-0.115741,
-0.143605,
-0.176382,
0.389767,
0.431974,
0.151540,
-0.249504,
0.291223,
0.323756,
-0.240257,
-0.141652,
-0.179373,
0.225608,
0.437498,
0.114612,
-0.134938,
-0.392544,
-0.119068,
-0.387204,
0.097766,
0.089007,
-0.186392,
-0.065142,
0.015580,
-0.048509,
-0.424192,
0.007645,
0.494446,
0.096881,
0.372250,
-0.014878,
0.268456,
0.235466,
-0.165822,
0.186758,
0.239097,
-0.416715,
0.052385,
-0.375973,
0.020737,
-0.149525,
-0.263268,
0.146199,
-0.371273,
-0.198050,
-0.340541,
-0.263878,
-0.283593,
0.171621,
0.037278,
-0.011887,
0.267052,
0.211264,
0.009781,
0.298364,
0.147237,
-0.344447,
-0.130543,
-0.200369,
0.427793,
0.384396,
0.200003,
-0.428526,
-0.121479,
-0.436613,
-0.420988,
0.156819,
-0.456938,
-0.455351,
0.001694,
-0.083453,
-0.200034,
0.308161,
-0.319147,
0.253441,
-0.183462,
-0.274499,
0.380947,
0.236137,
-0.198660,
0.427458,
-0.059191,
-0.344966,
-0.038163,
-0.444273,
0.142750,
0.040910,
-0.426634,
0.181295,
-0.417051,
-0.322260,
0.065691,
-0.330409,
-0.299310,
0.140980,
-0.466613,
-0.225455,
-0.378506,
0.392239,
-0.423734,
-0.257958,
-0.028581,
-0.037767,
-0.123737,
0.204733,
0.317896,
0.252586,
0.416593,
0.148823,
0.394101,
0.487945,
-0.249931,
-0.265404,
-0.237327,
0.350154,
0.222495,
0.251610,
0.075060,
-0.175130,
-0.443083,
-0.010178,
-0.417234,
0.292627,
-0.293756,
0.308222,
0.057207,
0.394986,
0.378811,
-0.318354,
-0.226615,
-0.292261,
0.144704,
0.007736,
-0.285272,
-0.248375,
-0.471862,
-0.045427,
-0.345088,
0.372372,
-0.007523,
-0.369289,
0.272485,
0.021073,
0.223930,
0.358913,
-0.044725,
-0.033738,
-0.379574,
-0.165761,
0.450530,
-0.031144,
0.392117,
0.448607,
0.016648,
0.451109,
0.178793,
0.062181,
0.233665,
-0.308802,
-0.408292,
0.003708,
0.127644,
0.074267,
-0.414579,
-0.419736,
-0.233909,
-0.068590,
0.065477,
-0.121784,
-0.019669,
-0.002152,
-0.360714,
0.136341,
0.370815,
0.021348,
-0.084491,
0.472564,
0.252251,
-0.447508,
0.258538,
0.245354,
-0.305872,
0.447722,
0.404355,
-0.168691,
0.313471,
0.116382,
-0.156117,
0.099750,
-0.024644,
0.043535,
0.380490,
0.365993,
0.058550,
-0.381008,
-0.233116,
0.104419,
0.441130,
-0.195425,
-0.170736,
0.202475,
-0.136372,
-0.329768,
-0.016800,
0.036943,
-0.174947,
0.330775,
-0.451262,
0.153829,
-0.331538,
0.314112,
-0.229209,
-0.167226,
0.012284,
-0.107501,
-0.049699,
0.317896,
0.183493,
0.407804,
-0.406552,
-0.004654,
-0.191031,
0.122150,
-0.015488,
0.299951,
0.221641,
-0.374599,
0.088763,
-0.368831,
-0.163228,
0.330378,
0.191885,
0.060411,
0.155721,
0.087085,
0.181661,
0.110218,
-0.447539,
0.447691,
-0.121235,
0.387417,
-0.499878,
-0.387295,
0.322535,
0.350734,
0.392514,
-0.409391,
0.417966,
-0.005509,
-0.381893,
-0.399014,
-0.149495,
-0.270318,
0.042314,
0.253441,
-0.325434,
0.243370,
-0.446348,
-0.466857,
0.481964,
-0.382138,
-0.168813,
0.124256,
-0.443144,
0.491333,
-0.011399,
0.102130,
-0.076586,
-0.460112,
0.251549,
-0.473449,
-0.308100,
0.064135,
0.324580,
-0.033860,
-0.389828,
-0.040452,
-0.396481,
0.485687,
0.226463,
-0.146413,
-0.109882,
0.127857,
-0.430540,
-0.310236,
-0.235466,
0.420133,
-0.247307,
-0.459838,
0.272698,
-0.061754,
0.408597,
-0.072008,
0.083850,
0.457945,
0.359035,
0.440764,
-0.224326,
-0.274651,
0.428465,
-0.083850,
0.402036,
0.378262,
-0.194174,
-0.018876,
0.000443,
0.048418,
-0.138356,
0.225913,
0.195456,
0.177511,
-0.173727,
-0.206168,
-0.446623,
-0.423460,
0.235862,
-0.331233,
-0.154012,
0.261071,
-0.447905,
0.440703,
-0.122089,
-0.407193,
-0.137898,
-0.168691,
0.035386,
0.259423,
0.064409,
-0.239463,
0.211478,
0.123096,
0.447966,
0.235282,
0.264855,
0.469756,
0.069384,
-0.158223,
-0.332331,
-0.310114,
-0.164113,
0.122700,
0.499573,
-0.077776,
-0.300928,
-0.379849,
0.443205,
-0.308588,
-0.133412,
-0.133839,
-0.061724,
0.071459,
0.437346,
0.101398,
0.149922,
0.405362,
0.367153,
0.003891,
-0.092273,
0.112964,
0.170400,
0.208731,
0.271874,
-0.382229,
0.264397,
-0.100147,
-0.117725,
-0.075610,
0.362728,
0.255699,
-0.252647,
-0.122852,
-0.176778,
0.029099,
-0.371578,
-0.367855,
0.357845,
0.043779,
-0.324061,
0.373135,
0.009720,
-0.112323,
0.474242,
-0.197287,
-0.195883,
-0.415036,
0.150410,
0.440550,
-0.020371,
-0.472045,
-0.295953,
0.258965,
0.205466,
0.449614,
0.213920,
-0.311792,
-0.308466,
-0.281243,
0.077837,
-0.478332,
-0.402829,
-0.261284,
-0.058061,
-0.247002,
-0.354854,
-0.269524,
0.475829,
-0.124042,
0.346736,
-0.317927,
-0.350642,
-0.321467,
-0.255425,
-0.254784,
-0.331996,
0.062517,
0.079455,
-0.139515,
0.222465,
-0.080676,
0.286706,
-0.107929,
0.208762,
-0.405789,
-0.270501,
0.053728,
-0.424070,
-0.030595,
0.074328,
-0.092944,
0.456206,
-0.302576,
-0.284570,
-0.286981,
0.235038,
-0.383480,
-0.345546,
0.418516,
-0.283227,
-0.121570,
0.241172,
0.058763,
0.042405,
-0.179189,
-0.318201,
-0.142903,
-0.485046,
0.114765,
-0.278405,
-0.196829,
-0.009720,
0.218894,
0.406796,
-0.009018,
-0.012436,
-0.328303,
0.333552,
0.497955,
0.177541,
0.252617,
0.288965,
0.086077,
0.403378,
-0.456328,
-0.308649,
-0.493072,
-0.108509,
-0.076983,
-0.264763,
-0.308924,
-0.192343,
-0.479308,
-0.352138,
-0.396268,
-0.184774,
0.169332,
-0.036760,
0.047685,
-0.208304,
-0.120411,
0.220054,
0.194479,
0.359462,
-0.127277,
-0.010453,
0.125751,
0.387417,
-0.299402,
-0.360134,
0.165273,
0.119526,
0.485321,
-0.257073,
0.283441,
0.086627,
-0.191275,
-0.469970,
0.355098,
0.457549,
0.284082,
0.302698,
-0.447661,
-0.014054,
0.340144,
0.204764,
-0.346767,
0.209372,
0.249687,
0.261956,
-0.452269,
0.056078,
-0.066546,
0.095569,
-0.277825,
-0.483306,
-0.429533,
0.215873,
0.003616,
-0.463622,
-0.453581,
0.302118,
0.345058,
-0.216025,
-0.228690,
0.374966,
-0.067064,
0.454436,
-0.102893,
0.267876,
0.398373,
-0.239494,
0.467528,
0.303430,
0.412717,
0.270501,
-0.469726,
-0.418973,
0.449675,
-0.252495,
-0.256218,
-0.217704,
-0.005783,
-0.352779,
-0.490997,
-0.099872,
-0.019730,
-0.069933,
0.158132,
-0.202078,
-0.261864,
0.343989,
-0.269097,
0.005051,
0.232810,
-0.165761,
0.370602,
-0.344966,
-0.125324,
0.236473,
-0.130421,
-0.027482,
-0.316187,
-0.090930,
0.397427,
0.215171,
0.088824,
0.461333,
-0.058916,
0.477142,
0.141713,
0.233573,
0.489837,
0.259911,
0.430326,
-0.314539,
0.495209,
0.217032,
0.469024,
0.348811,
-0.362178,
-0.020890,
-0.150960,
-0.499176,
0.432035,
0.464751,
-0.069658,
0.214896,
-0.300592,
-0.415677,
0.355037,
-0.056200,
0.443266,
-0.257225,
0.164937,
0.293115,
0.154103,
0.046953,
-0.196432,
0.139729,
0.078570,
-0.375271,
-0.215720,
-0.247246,
0.482086,
-0.038469,
0.305536,
0.072436,
0.437162,
-0.339259,
-0.405148,
-0.196585,
0.168111,
-0.465911,
0.262444,
0.478912,
0.484008,
0.428495,
0.445738,
0.151753,
0.330287,
-0.304651,
0.026536,
-0.131367,
-0.008652,
-0.291131,
-0.298791,
-0.416257,
-0.025895,
0.339106,
0.186117,
-0.331782,
0.105121,
-0.213218,
0.338588,
-0.328455,
-0.128742,
-0.314631,
0.475555,
0.490997,
-0.463744,
-0.122974,
-0.329432,
-0.394314,
0.063585,
-0.231223,
0.310511,
-0.468657,
0.377285,
-0.325098,
-0.306726,
0.151936,
-0.008011,
0.051836,
-0.051958,
0.084460,
-0.456603,
0.032121,
0.058611,
-0.266594,
0.250298,
0.163137,
0.271844,
0.190695,
-0.160665,
-0.242515,
-0.327998,
-0.362331,
-0.035752,
-0.239280,
0.202353,
0.405271,
-0.349757,
-0.457121,
-0.084857,
0.348659,
-0.204733,
-0.479675,
-0.268181,
-0.307428,
0.258629,
0.013749,
0.493561,
0.003708,
-0.430509,
0.248711,
-0.415372,
0.446013,
-0.214713,
-0.094867,
-0.090808,
-0.024277,
-0.468261,
0.121815,
-0.497589,
-0.367885,
-0.243950,
0.362300,
-0.441710,
-0.419980,
0.224143,
0.048204,
0.154103,
0.060564,
0.293054,
0.366573,
0.453856,
-0.093463,
-0.009690,
0.157186,
-0.328852,
-0.221702,
-0.068987,
0.286157,
-0.426695,
-0.223319,
0.104144,
0.412229,
-0.192312,
-0.410764,
0.059008,
-0.448180,
-0.168630,
-0.174429,
-0.476287,
0.349208,
-0.274255,
-0.301172,
-0.013565,
0.457854,
-0.322657,
-0.291162,
0.270348,
-0.060381,
0.405332,
0.483581,
-0.365291,
0.087573,
0.318140,
0.434904,
0.432157,
-0.421079,
-0.320490,
0.385403,
-0.146321,
0.364376,
-0.434324,
-0.178274,
-0.206656,
0.199850,
-0.105243,
-0.068560,
0.362819,
0.227348,
0.309717,
0.079119,
0.087878,
-0.489471,
0.196005,
-0.121632,
0.317774,
-0.067888,
-0.384671,
-0.484405,
-0.121509,
0.358089,
0.436735,
0.482086,
-0.498230,
0.476653,
0.445799,
0.370479,
0.060533,
0.216514,
-0.285791,
-0.107929,
0.142109,
0.151967,
0.009934,
-0.229148,
-0.009079,
-0.199728,
-0.470306,
-0.328944,
0.351283,
0.218009,
-0.264885,
-0.186239,
0.241997,
-0.197592,
-0.426481,
0.439543,
0.193686,
-0.295740,
-0.135273,
-0.227012,
-0.019517,
-0.242027,
0.135212,
-0.354762,
0.376888,
0.335810,
-0.319269,
0.431333,
-0.028642,
0.032121,
0.138722,
0.457732,
-0.432035,
-0.416227,
0.351619,
-0.462554,
0.206839,
-0.066515,
-0.197409,
-0.212149,
0.335200,
-0.158559,
0.404752,
0.388119,
0.160115,
-0.047411,
-0.074999,
0.432401,
-0.285974,
-0.275231,
-0.175832,
-0.465087,
-0.335597,
0.124866,
-0.205954,
0.343440,
0.398892,
0.498321,
-0.226707,
-0.383358,
0.416898,
-0.480926,
-0.277123,
0.023057,
-0.440672,
-0.374111,
-0.057451,
0.316095,
0.107410,
-0.149251,
0.209769,
0.042802,
0.281610,
0.446623,
-0.478149,
0.442076,
0.172597,
0.220084,
-0.276696,
-0.311823,
-0.365078,
-0.024705,
-0.201407,
0.136677,
0.174734,
-0.024430,
0.112690,
-0.271783,
0.363002,
-0.171377,
0.379971,
0.207053,
-0.194510,
-0.297845,
-0.357356,
0.309992,
0.200369,
0.275597,
0.040788,
-0.417447,
-0.484924,
0.334468,
-0.346217,
-0.021836,
-0.186239,
0.413572,
0.196188,
-0.103198,
-0.234001,
0.395169,
-0.152364,
-0.180502,
0.368709,
0.468810,
-0.000778,
0.194662,
-0.088000,
0.358241,
0.196860,
-0.267541,
-0.279382,
0.222526,
0.063402,
-0.235801,
-0.298090,
0.137165,
0.480377,
-0.178335,
0.231559,
-0.438566,
-0.189383,
0.093951,
0.408689,
-0.301630,
0.443571,
-0.082629,
0.211295,
0.153676,
0.443571,
-0.045305,
-0.416837,
-0.200583,
-0.416654,
0.220176,
-0.016037,
0.249474,
-0.456603,
-0.393429,
0.433164,
-0.147816,
-0.441527,
0.070330,
-0.420560,
-0.392972,
0.292688,
0.131214,
-0.172933,
-0.088672,
0.224509,
-0.157460,
0.049608,
-0.456755,
0.322657,
-0.111377,
-0.076830,
-0.212516,
0.294122,
-0.034806,
0.409909,
0.109607,
0.186056,
0.099353,
0.423185,
0.285577,
-0.377895,
0.065172,
0.205588,
0.392727,
0.454955,
-0.448637,
0.451292,
-0.432005,
0.115802,
0.237144,
-0.296655,
-0.059648,
0.443052,
0.432310,
0.058214,
-0.356990,
0.269890,
0.438292,
-0.292444,
0.312128,
-0.446409,
0.286157,
0.349849,
-0.021989,
0.326807,
0.007645,
0.001663,
-0.244804,
0.252098,
0.095721,
0.241295,
0.237724,
0.061846,
0.310877,
0.414670,
0.005264,
-0.336360,
0.489319,
-0.164174,
0.147542,
0.193258,
-0.490509,
-0.487457,
0.212058,
-0.204093,
0.072954,
0.428739,
0.481903,
0.417508,
0.455809,
-0.085406,
-0.009659,
0.386654,
-0.112659,
0.136158,
0.177389,
0.069231,
-0.288079,
0.234886,
-0.404355,
0.376278,
-0.010086,
0.149129,
-0.428953,
0.406674,
-0.305261,
-0.351466,
0.225028,
0.005783,
0.161794,
-0.387600,
-0.236076,
-0.478423,
-0.054704,
0.083422,
0.442808,
-0.460906,
-0.260002,
0.128346,
0.108905,
-0.125385,
-0.476745,
0.036210,
-0.268548,
-0.389035,
-0.425718,
-0.114093,
-0.175680,
0.455229,
-0.473510,
0.014054,
0.167257,
0.199484,
0.109302,
0.414518,
-0.267785,
-0.433042,
-0.264336,
-0.399167,
0.221213,
0.223746,
-0.408475,
-0.037126,
0.121448,
0.237754,
0.383663,
0.148640,
-0.315333,
-0.233421,
0.401456,
-0.497009,
-0.263878,
0.254784,
0.050127,
0.094134,
-0.279717,
-0.077776,
-0.489685,
0.359157,
-0.111164,
-0.175161,
-0.318842,
-0.099963,
0.037675,
0.268822,
0.062578,
0.461516,
-0.301080,
-0.140553,
-0.266350,
-0.378628,
0.194235,
-0.033769,
0.082537,
0.225394,
0.455779,
-0.115040,
0.444884,
0.097125,
0.020890,
0.478637,
0.306543,
0.054918,
0.107074,
-0.422239,
0.227042,
-0.233665,
0.172933,
-0.077837,
0.140034,
0.472045,
-0.127857,
-0.075518,
0.186880,
0.109821,
-0.194205,
0.037645,
-0.260399,
-0.129566,
-0.019791,
0.006974,
-0.230033,
-0.283715,
0.375820,
-0.211875,
0.219932,
-0.105670,
-0.466338,
0.412687,
-0.469420,
-0.025956,
-0.434080,
-0.418332,
-0.014206,
0.442503,
0.496307,
0.269616,
0.025956,
0.387082,
0.336695,
0.118854,
0.189261,
0.297174,
-0.193319,
-0.093310,
-0.164174,
-0.483306,
0.101733,
-0.134388,
0.311548,
0.377865,
-0.383633,
0.138691,
-0.292779,
-0.452086,
0.028855,
0.150685,
-0.129810,
-0.379696,
-0.346736,
0.176595,
-0.176321,
0.480804,
0.465636,
-0.111499,
0.251000,
0.480499,
-0.290216,
0.162557,
0.200003,
-0.053240,
0.490112,
-0.073382,
-0.334986,
0.063280,
0.256218,
0.330317,
0.201590,
-0.349757,
-0.413144,
0.018540,
0.230766,
-0.123402,
0.178976,
-0.209983,
0.189200,
0.434904,
0.447600,
0.421323,
0.181051,
0.210288,
-0.356075,
-0.061327,
0.288293,
-0.024949,
-0.103137,
0.118091,
0.195151,
0.139790,
0.084674,
0.495178,
0.283624,
0.092181,
-0.056993,
-0.334010,
-0.144307,
0.155354,
0.315668,
0.160421,
-0.361171,
-0.303766,
-0.046159,
-0.331385,
0.230949,
0.415799,
-0.229270,
-0.097430,
-0.359096,
0.352046,
-0.042558,
-0.126362,
-0.418546,
-0.372707,
-0.133747,
-0.132832,
-0.330317,
0.470763,
0.067980,
-0.104297,
0.192526,
-0.452391,
0.489349,
-0.087817,
-0.407498,
0.126301,
0.036454,
-0.436186,
0.330897,
0.114673,
-0.388730,
-0.231620,
0.283593,
0.496704,
-0.073504,
-0.105853,
0.326930,
0.200644,
0.025742,
-0.175680,
0.268700,
-0.069567,
-0.084918,
-0.312342,
-0.218406,
-0.009201,
0.212058,
-0.463500,
0.494598,
-0.361965,
0.218467,
-0.247185,
-0.101367,
-0.012558,
0.323481,
0.464660,
0.223563,
0.008347,
0.142781,
-0.246910,
-0.058641,
-0.361263,
0.300562,
-0.068224,
0.053056,
-0.450102,
0.259972,
-0.320215,
-0.185141,
-0.407193,
0.109241,
0.309351,
0.060076,
0.457518,
-0.291528,
-0.050432,
-0.227042,
-0.423612,
0.104450,
-0.072588,
0.070788,
-0.196646,
-0.380947,
0.127216,
0.250298,
-0.101093,
-0.482025,
-0.390164,
0.054979,
0.353816,
-0.334468,
0.273186,
-0.180746,
-0.418668,
0.072161,
-0.165548,
-0.354274,
0.010453,
-0.259331,
-0.083605,
0.272179,
0.110126,
-0.282220,
-0.481933,
-0.216147,
-0.123218,
-0.243217,
-0.348292,
-0.171804,
-0.184011,
0.497772,
0.426878,
0.487396,
-0.050645,
-0.428251,
0.362819,
0.465453,
-0.121967,
-0.464995,
0.211295,
-0.253838,
0.434385,
0.039537,
0.069597,
0.377895,
-0.047533,
0.146077,
0.066454,
-0.458617,
-0.310907,
0.186178,
0.401089,
-0.442503,
0.426603,
0.079180,
0.017167,
-0.009903,
-0.211875,
-0.489532,
-0.307154,
-0.498688,
0.297693,
-0.122394,
-0.171987,
-0.385220,
-0.285089,
0.409818,
-0.290094,
0.043382,
-0.323054,
0.368007,
-0.461272,
-0.262230,
0.178091,
-0.269158,
-0.005814,
0.311792,
-0.081652,
0.273553,
-0.375820,
0.000961,
0.052904,
0.445433,
-0.162770,
-0.189291,
0.372585,
-0.047594,
-0.220511,
0.010117,
0.447722,
0.451262,
-0.122089,
-0.372494,
-0.234092,
0.260826,
0.330439,
0.104602,
0.395260,
0.497742,
0.325037,
-0.235343,
0.204154,
-0.458464,
0.268273,
0.251793,
0.169118,
0.236778,
-0.195029,
-0.403165,
-0.198447,
-0.262963,
-0.089831,
0.066698,
0.225150,
0.398465,
-0.165548,
0.453001,
-0.065355,
-0.372250,
0.184255,
-0.043596,
-0.232170,
0.091998,
-0.081988,
0.323237,
0.121265,
0.195517,
-0.460295,
0.389676,
-0.058245,
0.231284,
0.270837,
-0.309015,
-0.475707,
0.111621,
0.482116,
0.291345,
-0.352046,
0.085894,
0.166280,
0.490143,
0.080798,
0.350276,
-0.266717,
-0.437895,
-0.014664,
-0.043260,
-0.091388,
0.186666,
0.255638,
-0.073168,
0.016800,
-0.277215,
0.317103,
-0.023087,
0.430662,
-0.013871,
0.420652,
-0.238975,
0.467925,
-0.315943,
-0.037889,
0.037431,
-0.483642,
0.165456,
-0.141621,
-0.334681,
-0.331233,
-0.359157,
-0.488678,
-0.162008,
-0.351344,
-0.470061,
0.391110,
0.458220,
0.308618,
0.091906,
-0.230705,
0.062853,
0.481872,
-0.004563,
-0.365413,
0.202322,
0.468810,
-0.015641,
0.320368,
-0.318537,
-0.060533,
0.295251,
-0.122822,
-0.432066,
-0.466826,
-0.016770,
-0.279809,
0.374477,
-0.063097,
-0.187735,
-0.416471,
0.321131,
-0.276940,
-0.133992,
0.312281,
0.084185,
-0.271081,
-0.464110,
-0.476318,
-0.062944,
0.257469,
0.042100,
-0.330927,
-0.309351,
-0.117481,
0.144185,
-0.473174,
0.338343,
0.138173,
0.197348,
-0.341273,
-0.187643,
-0.125568,
0.210746,
-0.139760,
-0.241874,
-0.439970,
0.063738,
0.136250,
-0.268151,
0.313868,
-0.463073,
0.233299,
-0.271355,
-0.053972,
0.313746,
0.259941,
0.446745,
-0.209891,
-0.391201,
0.426176,
0.194327,
-0.392544,
-0.420133,
0.432981,
-0.154683,
0.345241,
0.179006,
-0.456053,
-0.249931,
0.029038,
-0.400662,
-0.130421,
0.007492,
-0.428312,
-0.025925,
-0.104480,
0.004654,
-0.220847,
0.483490,
-0.213401,
-0.369625,
0.335047,
-0.473724,
0.497284,
0.068804,
0.044908,
0.112201,
0.219871,
-0.420774,
0.121540,
0.130757,
0.202200,
0.168722,
-0.207572,
-0.346217,
0.465514,
-0.436796,
0.010849,
-0.072649,
0.453795,
0.384182,
-0.448210,
0.209159,
0.146474,
-0.063921,
0.273705,
0.107959,
-0.335170,
-0.488128,
-0.172506,
-0.418516,
-0.096026,
-0.377987,
-0.405606,
0.248314,
0.221458,
0.053758,
0.133259,
0.170827,
-0.286309,
0.166524,
-0.081225,
-0.234947,
0.111835,
0.330195,
-0.347560,
-0.006485,
-0.172567,
-0.088061,
-0.073473,
0.497864,
0.180380,
-0.281671,
-0.476867,
-0.173238,
0.339320,
0.298547,
0.129109,
0.416379,
0.006363,
0.015397,
-0.251732,
0.478210,
0.377285,
0.290063,
-0.407773,
0.452269,
0.408017,
-0.073107,
-0.269189,
0.180319,
-0.080493,
-0.075396,
0.283624,
0.456328,
-0.428678,
-0.320032,
0.433866,
0.110096,
0.235862,
-0.009598,
0.045640,
0.280389,
-0.195944,
-0.238395,
0.165944,
0.033555,
-0.045854,
-0.173421,
0.192892,
-0.015549,
-0.085528,
-0.217948,
-0.009018,
0.075182,
-0.248375,
0.248985,
-0.265007,
0.168661,
0.215445,
0.462920,
-0.236381,
-0.387478,
-0.328516,
-0.399167,
0.224143,
0.430357,
0.153218,
-0.249474,
-0.210746,
0.295740,
0.064043,
-0.071306,
0.227744,
-0.053911,
-0.438627,
0.054308,
0.109333,
0.192038,
0.153371,
0.283166,
0.426206,
0.178701,
-0.460204,
-0.390072,
0.411313,
0.055345,
0.228538,
0.144520,
0.335444,
-0.290735,
-0.041612,
-0.032334,
-0.436064,
-0.279321,
0.460112,
-0.026231,
-0.345424,
0.194235,
-0.413785,
-0.394406,
-0.222495,
-0.376095,
0.341548,
-0.111774,
0.238762,
0.447386,
-0.154805,
-0.332057,
0.388760,
0.446013,
-0.244438,
0.462432,
-0.303552,
-0.353206,
0.189230,
-0.171590,
0.271203,
-0.117267,
-0.334437,
-0.346309,
-0.387478,
-0.332881,
0.107868,
0.278375,
-0.129658,
-0.460784,
0.432127,
-0.146779,
0.395596,
-0.463683,
-0.244652,
-0.159871,
-0.136372,
-0.050615,
-0.245872,
0.061632,
-0.249229,
0.017869,
0.204611,
0.205313,
0.445799,
-0.279504,
0.235588,
0.189810,
-0.222617,
0.317774,
0.325892,
0.298090,
0.238914,
-0.197256,
-0.423307,
0.484771,
-0.308435,
-0.083514,
0.291009,
-0.236595,
-0.172445,
-0.116230,
0.390469,
0.080248,
0.173940,
-0.473846,
-0.298120,
-0.419645,
-0.080981,
-0.091876,
-0.356166,
-0.327265,
0.342189,
0.172475,
0.344844,
-0.199576,
0.128437,
-0.278161,
-0.275445,
0.322047,
0.348903,
0.401730,
-0.430845,
0.410764,
0.388882,
-0.157979,
0.132099,
0.377224,
-0.395993,
-0.387112,
0.291253,
0.322443,
-0.013382,
0.351314,
-0.205649,
-0.472839,
-0.377377,
-0.485382,
-0.376675,
0.483764,
0.221244,
-0.082629,
0.009018,
-0.023301,
0.497620,
-0.292657,
0.127552,
0.118580,
-0.309259,
-0.062426,
0.009812,
-0.252953,
-0.002853,
0.390194,
-0.305292,
0.089557,
0.201804,
-0.191610,
0.158162,
0.101794,
0.287652,
0.193075,
0.048357,
0.386349,
0.304834,
0.319941,
-0.240654,
0.097583,
0.281060,
0.133747,
-0.126545,
-0.260979,
0.454161,
0.175619,
-0.495880,
0.259911,
-0.392117,
-0.300165,
-0.429472,
0.356319,
-0.206809,
-0.363521,
-0.465056,
0.384030,
0.214621,
0.055803,
-0.365596,
-0.211203,
-0.435331,
0.290948,
0.137532,
0.460540,
-0.413633,
0.375057,
-0.341792,
-0.082659,
0.145680,
-0.050859,
0.057146,
-0.273766,
-0.405271,
0.296899,
-0.037736,
0.066179,
-0.292230,
-0.337428,
0.440031,
-0.160024,
-0.029801,
-0.491394,
-0.152150,
0.241417,
-0.497620,
-0.131367,
0.399869,
0.183401,
0.399960,
0.452605,
0.476409,
0.494140,
-0.229301,
-0.339930,
0.209189,
0.286645,
0.250542,
0.158132,
0.373104,
0.408780,
0.278954,
0.179586,
0.115680,
0.379238,
-0.084552,
0.198630,
-0.444029,
-0.283624,
0.478545,
0.139271,
-0.216330,
0.065783,
-0.212180,
-0.226402,
0.289850,
0.032884,
0.291253,
0.465361,
0.360622,
0.126881,
-0.141926,
-0.084277,
0.465026,
-0.277673,
-0.480682,
0.067400,
0.168233,
0.444670,
-0.063402,
-0.177236,
-0.398648,
-0.114643,
-0.119343,
-0.266839,
0.019211,
0.053880,
-0.498718,
0.314753,
0.477172,
0.472167,
-0.331019,
0.147938,
0.158467,
0.317469,
0.170461,
0.415891,
0.383084,
-0.479003,
0.038926,
0.039109,
-0.170461,
0.227378,
-0.199789,
0.061663,
0.000931,
-0.478454,
-0.083697,
0.445769,
0.466124,
-0.169668,
0.207266,
-0.069201,
-0.092242,
-0.097064,
-0.466887,
0.113056,
-0.491791,
-0.221244,
-0.483459,
0.402402,
-0.295465,
-0.352840,
-0.412076,
0.012009,
-0.156148,
0.006394,
0.133961,
-0.362117,
-0.229637,
0.027390,
0.030808,
-0.016251,
-0.124683,
-0.470946,
0.343776,
-0.211936,
-0.358974,
0.471160,
0.473540,
-0.490783,
0.210501,
0.370663,
-0.468444,
0.325190,
0.013199,
-0.451262,
0.224876,
-0.396298,
-0.020554,
-0.386349,
0.031816,
0.499878,
0.373165,
0.086444,
-0.049486,
-0.163717,
-0.224296,
-0.424833,
-0.399625,
-0.076739,
0.250816,
0.404721,
-0.041459,
0.474364,
0.222739,
0.107440,
-0.487609,
0.273980,
0.098468,
-0.318354,
0.109302,
-0.246757,
0.165273,
0.023881,
0.284753,
0.130238,
-0.205069,
0.441160,
0.350612,
0.270806,
0.485839,
-0.350337,
0.023850,
-0.073260,
-0.225761,
0.166158,
-0.121937,
-0.493316,
-0.454009,
0.497711,
0.398190,
0.036851,
-0.220328,
0.037095,
-0.079943,
0.467162,
0.252922,
0.069170,
0.236076,
-0.020463,
0.242607,
-0.205039,
0.148000,
0.454405,
-0.249351,
-0.220511,
-0.251701,
-0.248558,
0.286370,
-0.270226,
-0.288598,
-0.038774,
-0.263390,
0.009110,
0.375729,
0.283868,
0.355342,
-0.206198,
-0.101886,
-0.309473,
0.403043,
0.279107,
0.261925,
0.024857,
0.468596,
-0.160268,
0.419492,
-0.300256,
0.003189,
-0.447844,
0.350978,
-0.353786,
0.099048,
-0.015854,
0.320399,
-0.329463,
0.043016,
-0.341731,
0.109973,
-0.124439,
-0.322810,
0.095630,
-0.485473,
0.303217,
0.097339,
-0.154500,
-0.123280,
0.453307,
-0.279870,
0.408139,
-0.055437,
-0.163778,
0.251396,
0.455779,
-0.167501,
0.214652,
-0.414670,
0.259270,
0.367214,
-0.309107,
0.167226,
-0.274346,
-0.400510,
0.296747,
-0.150288,
-0.046434,
-0.236595,
0.240776,
-0.224967,
-0.287774,
0.463744,
0.470672,
0.313410,
-0.249260,
0.373531,
-0.293909,
-0.410367,
0.343684,
0.222465,
-0.401639,
-0.371303,
-0.020951,
0.357509,
0.173574,
-0.348201,
-0.404721,
-0.342982,
0.214866,
-0.445982,
0.273400,
0.079913,
-0.259301,
0.094806,
-0.209952,
-0.369625,
0.235038,
-0.167257,
-0.061205,
0.020280,
-0.214560,
0.335658,
0.024583,
-0.190146,
-0.214042,
-0.302850,
0.438627,
0.308161,
0.360622,
-0.108478,
-0.280267,
0.014695,
0.163686,
-0.002701,
0.007797,
-0.116810,
-0.286493,
-0.178610,
0.296594,
0.188864,
-0.084613,
-0.045030,
0.391171,
0.280480,
-0.069567,
-0.207907,
-0.022935,
-0.001480,
0.046342,
-0.457488,
-0.293298,
0.040483,
-0.293817,
-0.230033,
-0.290185,
0.054826,
0.352016,
0.486908,
0.433897,
-0.255577,
0.238670,
0.337275,
0.220939,
-0.238487,
-0.124928,
-0.101581,
-0.473113,
-0.325709,
0.248314,
-0.366634,
0.189749,
-0.212394,
0.487396,
-0.475311,
-0.347133,
0.098041,
0.122639,
-0.078600,
-0.450377,
0.165090,
-0.402951,
-0.370327,
-0.444609,
0.179708,
0.185903,
-0.220511,
-0.086261,
0.011368,
-0.019456,
0.497375,
-0.457549,
-0.485351,
0.093463,
-0.082720,
0.125874,
-0.122791,
-0.260430,
-0.439207,
0.099994,
0.289636,
0.351405,
-0.382687,
-0.063829,
-0.280816,
0.383236,
0.156087,
-0.369930,
0.068041,
-0.038896,
-0.198691,
-0.198080,
0.497528,
0.034928,
-0.098926,
0.314203,
0.199942,
0.188620,
-0.278191,
-0.186666,
0.398495,
-0.235405,
-0.300562,
0.101489,
-0.142689,
0.459380,
0.278375,
-0.255638,
-0.317682,
0.045549,
0.369533,
-0.177877,
-0.305719,
0.377590,
-0.041002,
0.228507,
0.155690,
0.336573,
-0.101794,
0.425535,
0.132099,
-0.129109,
0.406766,
0.059374,
0.269524,
-0.211081,
0.319910,
0.343684,
0.269341,
0.459746,
-0.389126,
-0.383175,
-0.158559,
0.078448,
0.220389,
-0.020646,
0.417234,
-0.347926,
-0.276574,
0.417508,
0.403684,
0.362606,
-0.134236,
0.319483,
0.259606,
0.462828,
-0.499512,
-0.209433,
0.175497,
0.362300,
-0.043687,
-0.326746,
-0.361904,
0.058306,
0.368801,
-0.321314,
-0.339015,
-0.430815,
0.005478,
-0.464293,
-0.037584,
-0.474120,
0.116871,
-0.436247,
-0.128285,
-0.422391,
0.343623,
-0.424253,
0.245415,
-0.231437,
0.211753,
-0.482482,
0.174337,
-0.458525,
-0.252922,
-0.250511,
-0.236869,
-0.475677,
-0.259941,
0.377529,
-0.236808,
-0.243461,
-0.307947,
-0.461455,
0.340236,
-0.489135,
-0.025254,
0.047838,
-0.241874,
0.367275,
0.233482,
0.313440,
0.259911,
-0.305078,
-0.433836,
-0.075152,
-0.072955,
0.198843,
-0.491211,
-0.178396,
-0.200919,
-0.313044,
0.358760,
0.448057,
0.033586,
-0.285638,
-0.132771,
-0.199057,
0.388760,
0.260674,
-0.167745,
-0.224265,
-0.190329,
0.096759,
-0.376766,
-0.282037,
0.398892,
-0.002579,
0.168264,
-0.414060,
-0.446623,
0.455779,
0.435759,
-0.368892,
-0.451323,
0.055925,
-0.058550,
0.002121,
0.351466,
0.160146,
0.311975,
0.179037,
-0.058153,
0.066668,
0.436247,
-0.356136,
-0.073016,
0.294519,
0.236198,
-0.306207,
-0.273461,
0.151479,
-0.412137,
-0.197134,
0.112049,
0.241508,
0.423917,
0.439299,
0.380703,
0.067980,
-0.450835,
-0.256493,
-0.054582,
0.388730,
0.200491,
-0.025590,
-0.377956,
0.479308,
-0.118336,
0.128834,
0.395169,
-0.039171,
-0.494781,
-0.358547,
-0.056566,
0.348415,
0.372127,
-0.428922,
-0.293664,
-0.023453,
0.020280,
0.179250,
-0.227165,
0.457793,
0.473968,
0.307764,
0.373714,
0.330714,
-0.075610,
0.461516,
0.258568,
0.053850,
0.373592,
0.002213,
-0.260857,
0.001297,
0.272027,
0.360164,
-0.320582,
-0.383389,
-0.318079,
-0.330561,
0.214682,
0.381375,
-0.002915,
-0.266472,
0.479919,
-0.245933,
-0.249351,
-0.273034,
0.129749,
-0.263726,
-0.458068,
-0.460265,
-0.069750,
0.221824,
-0.386258,
0.170553,
0.204245,
-0.214469,
0.111286,
0.074908,
0.411679,
0.067614,
-0.446135,
-0.125050,
-0.354213,
0.409940,
-0.449004,
0.336421,
0.326563,
-0.099231,
0.293695,
0.019730,
-0.127308,
0.483581,
-0.147786,
-0.488830,
-0.366512,
0.286859,
-0.187674,
-0.359890,
-0.138508,
-0.169210,
0.279992,
-0.410916,
0.007553,
0.267113,
-0.213126,
0.302637,
0.119526,
0.308374,
0.127400,
0.101093,
-0.374630,
0.003006,
-0.341395,
-0.094073,
0.282739,
0.012375,
0.094348,
-0.017472,
-0.424650,
-0.454161,
0.324610,
-0.393277,
0.338282,
-0.389615,
0.291589,
-0.438475,
-0.107257,
-0.268853,
0.453887,
-0.129688,
0.472106,
-0.201621,
-0.130604,
-0.327845,
0.219901,
0.198325,
0.429075,
-0.353450,
-0.458312,
-0.117206,
0.271813,
-0.107257,
0.091388,
-0.464873,
-0.087329,
-0.329402,
0.173727,
0.487579,
0.115162,
-0.090869,
-0.155934,
-0.452818,
0.038560,
-0.111377,
0.486633,
0.386196,
-0.307672,
0.003037,
0.152455,
-0.347346,
0.228233,
0.008652,
0.438414,
0.458708,
0.101459,
-0.334742,
0.188620,
0.401517,
-0.367641,
0.176321,
-0.200888,
-0.226218,
-0.000198,
0.334010,
0.407529,
0.120258,
0.197165,
-0.224326,
-0.251396,
-0.204306,
-0.017167,
0.258080,
-0.042863,
-0.318506,
0.355800,
0.355007,
0.099261,
-0.283593,
-0.412015,
0.485351,
-0.286431,
0.398312,
0.344691,
-0.322596,
0.143452,
-0.087481,
-0.076373,
-0.024186,
-0.058763,
0.043840,
0.145100,
-0.103046,
0.126392,
-0.472564,
-0.077013,
-0.159963,
-0.422025,
-0.004044,
0.049425,
-0.140950,
0.343654,
0.178243,
0.222983,
-0.297601,
0.145314,
-0.493469,
-0.147359,
-0.473510,
-0.136097,
-0.212149,
-0.331813,
0.189322,
0.283502,
0.096240,
-0.331355,
-0.469817,
-0.123432,
-0.458068,
0.439756,
-0.457488,
-0.088336,
0.073870,
0.371761,
-0.155110,
-0.335627,
-0.028855,
-0.190817,
0.357509,
0.013169,
0.180990,
-0.336940,
-0.410062,
0.201224,
0.157888,
-0.482482,
0.446532,
0.045518,
0.361476,
-0.238182,
-0.044755,
0.374569,
0.068499,
-0.221091,
-0.172842,
-0.024369,
-0.344111,
-0.278100,
0.251823,
-0.166738,
0.010330,
-0.090258,
-0.164602,
-0.060015,
0.221274,
0.373196,
0.087725,
0.460265,
0.213584,
-0.417539,
0.364101,
-0.470275,
0.475463,
-0.112079,
-0.331233,
0.470061,
-0.461425,
-0.295434,
0.225974,
-0.299005,
0.366634,
-0.027757,
0.224418,
0.131489,
0.307672,
-0.077685,
-0.357753,
0.309839,
-0.232047,
-0.317591,
-0.441710,
0.115436,
0.262200,
-0.250084,
-0.144337,
0.272485,
-0.002915,
-0.133625,
-0.275658,
0.467345,
-0.355403,
0.323176,
-0.131153,
0.350581,
0.460631,
0.230125,
-0.172750,
0.205008,
0.405606,
-0.221519,
0.307642,
-0.438841,
0.423643,
0.029038,
-0.051500,
-0.458861,
-0.464171,
0.256920,
0.409299,
0.212088,
-0.095630,
0.384396,
0.197012,
-0.268975,
-0.476623,
-0.467223,
0.135762,
-0.438231,
-0.306482,
0.224662,
-0.115131,
-0.454741,
-0.064623,
0.267815,
0.412107,
0.104816,
0.499054,
-0.148000,
-0.171682,
0.367336,
0.125294,
-0.110034,
0.489624,
0.481842,
0.215384,
0.133686,
-0.226676,
-0.083697,
0.064806,
0.097339,
0.434141,
0.014664,
0.318262,
0.318354,
-0.053545,
-0.405576,
0.301019,
-0.012925,
-0.260582,
-0.133290,
0.384091,
0.477569,
-0.269311,
0.459929,
0.038285,
-0.190756,
0.065355,
-0.172109,
-0.265526,
-0.427824,
0.466155,
-0.175558,
0.345424,
0.345882,
0.101215,
-0.275170,
0.205924,
0.143788,
0.375820,
0.475951,
0.487579,
-0.085406,
-0.446043,
0.456145,
0.044053,
-0.369045,
-0.383511,
-0.473846,
0.383419,
-0.002182,
0.261620,
-0.347621,
-0.076525,
0.310877,
0.454436,
-0.116626,
0.187002,
0.496612,
0.431394,
-0.038560,
0.092059,
-0.134480,
-0.433866,
0.350032,
-0.005051,
-0.390713,
0.003037,
-0.041520,
-0.359371,
-0.426725,
0.464263,
0.345332,
-0.321589,
0.335841,
0.137226,
-0.318781,
-0.102527,
0.125263,
0.048173,
0.253044,
-0.159902,
-0.393704,
-0.171438,
-0.209891,
-0.052293,
0.066607,
0.279962,
0.394040,
-0.103656,
0.035081,
-0.355770,
0.353359,
0.278039,
-0.136921,
-0.014908,
-0.376034,
0.284051,
0.299676,
-0.413022,
0.257195,
-0.453826,
-0.407651,
-0.221854,
-0.444090,
-0.207175,
0.144490,
0.083514,
0.240989,
0.475402,
0.260460,
0.113819,
0.408139,
0.021989,
0.009995,
0.097766,
-0.442534,
-0.125996,
-0.256920,
0.462432,
0.476531,
-0.037492,
0.286370,
0.369198,
0.257775,
-0.220023,
0.352260,
-0.389187,
0.232505,
-0.295801,
0.192618,
-0.223930,
0.101672,
-0.269616,
0.027421,
0.088275,
0.045488,
0.267602,
0.280328,
-0.176260,
0.092700,
0.156026,
0.151997,
-0.283013,
-0.469298,
-0.438932,
-0.437346,
0.257897,
-0.361690,
-0.099139,
-0.005112,
0.288171,
-0.478332,
0.462889,
0.268242,
-0.197226,
0.335139,
-0.133351,
-0.223380,
0.362636,
-0.331996,
0.028092,
0.220023,
0.024735,
0.378903,
-0.217673,
0.361110,
0.196585,
-0.341975,
-0.179281,
-0.160787,
0.320124,
-0.400143,
0.098773,
-0.428343,
-0.207511,
0.066363,
0.370785,
-0.225700,
0.028916,
0.122761,
0.008011,
0.132740,
0.074847,
-0.173360,
-0.243889,
0.154744,
-0.327204,
-0.347957,
-0.411893,
0.236076,
0.190848,
0.329249,
0.309717,
0.470000,
0.318506,
0.382107,
0.072436,
-0.267632,
-0.063677,
0.143788,
0.451537,
0.073443,
0.066027,
-0.467742,
0.244285,
-0.052599,
0.306391,
0.366909,
-0.354427,
0.311243,
-0.337916,
-0.492920,
-0.043535,
0.123676,
0.171316,
-0.405210,
0.482086,
0.276238,
0.238273,
-0.318537,
-0.224326,
0.486694,
0.077258,
-0.478912,
-0.115772,
0.186972,
0.174215,
-0.189261,
-0.247734,
-0.063646,
0.172048,
0.159230,
0.440458,
0.391385,
0.086138,
0.065966,
0.314539,
0.363460,
0.256035,
-0.309656,
-0.138600,
-0.004105,
-0.060106,
-0.306085,
0.288415,
-0.408963,
-0.042283,
-0.064257,
-0.438078,
0.119282,
0.289453,
0.302484,
0.041887,
-0.059191,
0.034745,
0.454741,
0.368099,
-0.228477,
-0.360012,
-0.229514,
-0.245293,
0.424497,
-0.200522,
0.267144,
0.349330,
0.357753,
-0.063707,
-0.216849,
-0.187338,
-0.439726,
-0.330103,
0.201041,
-0.224723,
-0.192923,
0.176015,
-0.007889,
0.327357,
-0.185659,
-0.154592,
-0.134663,
0.198050,
0.326716,
0.147938,
-0.199484,
-0.219443,
-0.332972,
0.107501,
0.247612,
-0.340968,
-0.219413,
0.295190,
-0.226646,
-0.206137,
0.304407,
-0.254387,
-0.063524,
0.021134,
-0.306543,
-0.296258,
-0.327540,
0.023118,
-0.065355,
-0.392087,
-0.030503,
0.425565,
-0.120197,
0.215445,
0.116718,
0.178060,
-0.270623,
0.277062,
0.305750,
-0.125904,
-0.302423,
-0.333583,
-0.132740,
0.166707,
0.390255,
0.370998,
-0.076617,
-0.063982,
-0.072741,
0.250420,
-0.262474,
0.365108,
0.340083,
-0.031266,
-0.457518,
-0.419889,
0.275811,
0.006851,
0.128590,
0.011551,
-0.460540,
0.161092,
-0.027421,
0.131794,
-0.494690,
0.434416,
0.189077,
-0.273553,
-0.071795,
-0.273492,
0.085284,
0.354976,
0.187216,
0.229057,
-0.399472,
0.156667,
0.491546,
-0.068102,
0.412046,
-0.340785,
0.080981,
0.147450,
-0.012497,
-0.254997,
-0.048387,
0.458312,
0.366726,
0.431883,
0.138142,
-0.004746,
-0.047411,
-0.375118,
0.084063,
0.451720,
0.093310,
0.494842,
0.131123,
-0.259667,
-0.263207,
-0.360164,
-0.340907,
-0.301111,
-0.061419,
-0.313257,
-0.092822,
-0.249016,
-0.495453,
0.487945,
0.008255,
-0.071856,
-0.450316,
-0.429899,
0.267357,
0.159444,
0.253960,
-0.008530,
0.215506,
0.235099,
-0.403165,
0.263115,
0.470214,
0.349940,
0.351741,
0.491333,
-0.066179,
-0.366634,
0.121021,
0.396756,
0.360988,
-0.428037,
-0.306299,
0.366665,
-0.173391,
-0.269402,
-0.493469,
0.196921,
0.125324,
-0.321131,
0.489746,
-0.320643,
-0.366024,
-0.471068,
0.078814,
-0.308618,
-0.331782,
-0.009262,
-0.326167,
-0.056413,
-0.135670,
0.351100,
0.326899,
0.041856,
-0.382076,
0.282952,
-0.060442,
0.020249,
0.110523,
-0.109088,
-0.248772,
0.000870,
-0.045061,
-0.100696,
0.399899,
0.136677,
-0.008499,
0.389248,
0.336268,
0.494079,
0.265709,
-0.009568,
-0.127369,
0.030992,
-0.281365,
-0.065294,
-0.351955,
0.327021,
-0.378231,
-0.123066,
-0.209616,
0.221732,
0.287042,
-0.110431,
-0.442900,
0.017350,
0.083544,
-0.462249,
-0.264214,
0.402371,
0.292138,
0.440367,
-0.414243,
-0.248222,
-0.170797,
0.223563,
-0.398312,
-0.039140,
0.370846,
0.273705,
-0.118915,
0.468108,
-0.091357,
0.194693,
0.376247,
-0.375912,
0.268273,
0.377163,
-0.187613,
0.062212,
-0.377621,
-0.415159,
-0.446928,
0.227500,
-0.471191,
-0.034959,
0.193960,
-0.279839,
-0.474578,
0.389065,
0.166524,
-0.390408,
-0.187155,
-0.471007,
0.132679,
0.375332,
0.056291,
-0.422849,
0.451720,
-0.368557,
-0.162099,
0.014084,
-0.499359,
0.290155,
-0.209311,
0.331965,
0.129658,
0.321223,
-0.054765,
0.119221,
0.032975,
-0.236625,
0.320673,
0.412595,
0.317621,
0.143788,
0.291101,
-0.276788,
0.050249,
-0.037950,
-0.241630,
-0.357295,
0.064013,
0.395108,
-0.336787,
0.435514,
-0.193716,
-0.121418,
-0.134999,
-0.476135,
-0.491272,
-0.278100,
-0.077746,
0.271813,
0.460875,
0.412625,
-0.195303,
-0.026231,
-0.331690,
-0.233818,
0.068163,
0.455077,
-0.322748,
-0.421751,
-0.476470,
0.189505,
-0.154073,
-0.065355,
-0.068529,
0.341151,
-0.155110,
-0.163961,
-0.246757,
-0.364132,
-0.333277,
0.293329,
0.489929,
0.469573,
-0.072863,
-0.450163,
-0.359706,
0.158650,
-0.262078,
-0.412992,
-0.190329,
-0.260552,
-0.066210,
-0.430876,
-0.000229,
0.222892,
-0.066149,
0.384060,
-0.388150,
-0.289880,
0.018876,
-0.064165,
0.194113,
0.276208,
0.306299,
0.345515,
0.463927,
0.027024,
0.203207,
-0.283654,
-0.362728,
}
}{
                         name: ReLU,
                         incoming_inputs: -842150451,
                         units: 10,
                         actv_point: 0.000000,
                         coeff: 1.000000
}{
                         name: Dense,
                         incoming_inputs: 10,
                         units: 10,
                         weights: {
rows: 10,
cols: 10,
0.283258,
0.095660,
0.444090,
0.072619,
-0.426725,
0.189291,
-0.343165,
-0.200766,
-0.238426,
0.131367,
0.475677,
-0.090533,
0.225211,
-0.124805,
0.287439,
0.002670,
0.385342,
-0.000504,
0.329005,
-0.050890,
0.389462,
0.286920,
0.077105,
0.344203,
-0.126301,
0.061968,
0.359676,
-0.199423,
0.211570,
0.069933,
-0.156575,
0.109424,
0.155019,
0.178396,
0.055223,
-0.197958,
0.274682,
-0.318232,
-0.407498,
0.143208,
0.104907,
0.491241,
-0.320338,
0.087268,
0.400357,
-0.010117,
-0.273827,
0.228477,
0.409818,
-0.164052,
0.043107,
0.276818,
-0.425718,
0.494049,
0.373897,
0.090167,
-0.445036,
-0.223838,
0.396084,
-0.205313,
-0.002731,
0.174154,
-0.150258,
0.024155,
-0.062029,
0.263787,
0.449278,
-0.190359,
0.260704,
-0.037065,
0.234611,
0.151143,
0.106830,
-0.075854,
-0.481994,
-0.198416,
-0.352474,
-0.156545,
0.083087,
0.295556,
0.123432,
-0.033738,
-0.208274,
-0.247093,
-0.441923,
-0.428098,
0.255638,
0.489471,
0.051683,
-0.282128,
-0.271477,
-0.034898,
0.060747,
0.025193,
-0.124592,
0.101520,
-0.429167,
-0.214286,
-0.425260,
0.499969,
}
}{
                         name: Softmax,
                         incoming_inputs: -842150451,
                         units: 10,
                         beta: 1.000000
}
}
}